2641
aa 1815 1176 1659 87 1858
aberrant 1541 292 757 2144 1472
abeta 1214 1796 2612 136 1682
abilities 879 1242 1819 2254 2022
able 706 1169 641 913 2458
abnormal 2278 2380 1786 1 2406
abnormalities 1234 1973 747 370 2416
abnormally 1146 873 350 446 596
above 562 546 1660 1332 2124
absence 1356 230 2375 643 558
absent 1073 986 1240 1294 2620
absorption 1290 1165 1779 1847 982
abundance 2494 1278 1709 2042 1972
abundant 1925 291 2013 2525 1483
academic 338 1839 1196 2449 232
accelerate 1449 2356 1911 32 810
accelerated 2189 1925 2311 939 2637
accepted 601 1179 305 2441 1332
access 901 301 528 954 1839
accessible 762 1259 1276 32 63
accompanied 1953 1039 1605 2011 247
accordance 1056 1954 2240 1733 1300
according 643 379 2217 1502 57
accordingly 832 294 818 2277 1297
account 2397 2398 1070 2399 722
accounting 1291 2207 2563 329 1702
accumulate 1312 550 594 1859 1913
accumulated 28 862 949 1226 1359
accumulates 27 983 1214 1529 93
accumulating 1467 1765 1183 2054 1440
accuracy 2193 2280 560 31 378
accurate 30 1395 2568 1141 380
accurately 1856 1853 1354 19 561
ace 523 1033 2134 1031 1384
acetyl 468 1642 2137 2203 794
acetylcholine 364 1203 908 275 1270
acetylcholinesterase 37 1210 289 1833 1209
ache 36 633 1210 1833 1115
achieve 64 287 380 381 378
achieved 380 1851 1395 2568 2345
acid 129 941 724 41 366
acids 941 129 1641 1847 724
acquired 2154 2604 2424 1142 2394
acquisition 882 677 1460 2520 2422
act 855 1641 882 37 1464
acting 2001 1228 47 7 1965
action 1566 1938 47 1877 2345
actions 881 1442 46 97 45
activated 1310 1475 1476 1787 1199
activating 1934 275 1785 1192 1896
activator 564 411 1990 1015 2306
active 1733 442 2247 637 153
acts 1546 1369 363 494 908
acute 906 1148 368 2482 579
adapted 993 995 32 2026 1157
adas 406 2333 1798 273 69
add 493 2494 797 1174 2343
added 946 601 2134 777 2441
additional 1829 1133 2613 120 2560
additionally 2459 2277 713 490 2080
additive 1031 626 395 212 2152
address 1976 2483 1297 1978 726
addressed 1978 846 2026 1661 452
addressing 1962 19 1196 2143 2207
adequately 38 290 1860 2240 663
adhesion 1804 1521 1573 2578 1254
adjusted 369 1077 2218 750 462
adjusting 1930 848 1385 1073 2263
adjustment 66 1659 544 812 369
adl 406 1373 55 570 1232
administered 1684 1473 733 579 2149
administration 1683 1308 2004 1270 578
adni 1218 222 1395 575 218
adrda 1615 746 1302 548 1630
adult 1589 2303 1916 621 2094
adults 407 830 1789 1484 2572
advance 2476 1509 2347 687 2057
advanced 1045 1900 801 2454 2396
advances 1515 272 1298 32 1870
advantage 503 196 111 1670 2411
advantages 106 1710 219 359 191
adverse 1798 854 273 2149 1986
affect 1816 2263 1633 1269 1181
affecting 2625 1485 2169 250 2151
affective 160 2377 95 1961 1600
affects 2625 178 1485 323 144
affinity 632 2387 2099 968 633
ag 242 1307 236 2626 335
ageing 220 1347 2510 139 1629
agent 1705 277 1833 1928 633
agents 633 442 2385 37 1210
ages 2493 1972 1171 951 2637
aggregate 2226 467 479 1289 1084
aggregated 957 1529 1288 28 468
aggregates 957 2458 2268 2278 1228
agitation 1960 1277 1600 1630 160
agonist 97 150 1683 2630 71
agonists 96 2021 47 373 2256
agreement 869 2194 1142 264 845
aid 650 921 2354 1242 1454
aimed 2515 314 1063 312 273
aiming 447 1832 513 2479 106
aims 1755 1140 1942 251 313
akt 1061 1207 2469 1477 1062
al 845 1753 1304 1691 2361
algorithm 185 222 398 106 1430
algorithms 105 1291 2275 80 1852
alleles 1030 699 1031 1032 2262
allow 933 2378 2507 32 779
allowed 920 1459 991 1254 1928
allowing 1493 777 2002 1381 2095
allows 2084 1543 79 817 2087
almost 2408 1003 1271 721 1375
alone 413 69 1660 1383 1811
along 2637 2421 1853 156 435
alpha 767 239 1573 2028 2495
already 736 1687 91 2450 784
alter 1496 2629 404 1925 2255
alteration 2432 1100 1643 2594 2098
altering 1642 468 2143 2094 34
alternative 2633 984 1286 1683 1623
alters 1557 1866 929 340 1474
altogether 1410 1546 1990 235 387
amci 130 1569 675 2416 2572
ameliorate 835 1114 1639 1641 1805
ameliorated 1867 1203 1393 2129 592
ameliorates 1684 2130 1168 2111 1308
american 128 338 1821 847 699
americans 847 327 127 1930 326
amino 40 41 2099 190 1471
amnestic 123 1198 370 1829 1569
amount 1144 246 366 2386 482
amp 1196 1453 774 1170 2599
amplitude 2029 732 875 1735 2310
amygdala 1460 1438 328 1352 1068
amyloidogenesis 651 1070 2127 2356 593
amyloidogenic 235 257 1894 2169 1923
amyloidosis 1369 700 885 1580 1614
amyotrophic 2160 1331 1375 2408 1003
analysed 1267 2142 255 1191 2097
analytical 1053 1467 1545 2191 755
analyze 2392 2109 691 958 1053
analyzing 1756 618 1174 1780 2330
anatomical 1142 2568 1141 2049 1543
angiopathy 296 2578 342 2577 1740
animal 146 1515 910 1112 1199
animals 1112 2637 145 1953 2616
anisotropy 988 924 1481 676 747
annual 2208 1655 298 660 1132
another 682 1870 2168 931 1111
antagonist 96 151 2093 1619 1455
antagonists 1619 150 1043 1603 231
anterior 370 1829 265 2592 2136
antibodies 1526 154 2545 1733 2544
antibody 1526 1153 153 1111 2544
antioxidant 156 1044 1981 1599 1308
antioxidants 155 1044 414 1981 662
antipsychotics 1446 1447 2638 2050 1532
anxiety 629 1277 1531 95 1243
apart 1869 2497 852 1893 2499
apathy 1277 1600 1630 2377 95
aphasia 1003 2343 1322 1375 2342
apoe3 163 1295 1294 2480 1032
apoe4 162 758 1030 317 1294
apoptosis 165 322 1787 2472 2145
apoptotic 322 164 835 1940 737
apparent 1077 1082 1481 1632 686
appear 982 726 1346 254 760
appearance 384 1556 2578 2311 222
appeared 1922 2609 1782 1073 721
appears 2100 201 1476 508 1787
application 173 2453 992 57 30
applications 557 302 2447 1240 1710
applied 171 2410 2409 221 643
applying 298 465 1842 2315 1402
appropriate 263 2181 695 2369 63
approval 1775 933 1064 2133 1065
approved 36 1455 1775 2430 447
approximately 1485 1538 85 842 2449
appswe 1954 759 1953 2616 1801
area 560 2019 1675 353 299
areas 1068 1000 473 370 1340
argue 256 1156 1893 1007 2095
arm 1980 944 1428 498 1713
around 2578 2624 550 1652 1962
art 1237 287 105 1245 2568
arterial 2287 1757 1318 966 334
article 818 2277 1297 1722 2431
articles 1419 1965 2389 1964 2165
asked 1644 1579 1708 1625 993
aspartate 1471 1619 569 1118 1042
aspect 1711 2624 80 601 1508
aspects 972 1059 140 2133 973
assay 1152 824 783 1500 194
assays 783 1152 968 193 824
assembly 2186 1642 205 1666 1529
assessing 2453 79 1240 1973 706
assessments 2515 2583 830 1113 1172
assigned 1987 1798 2017 816 1806
assist 692 2067 380 2445 161
associate 567 1836 925 1380 799
associations 2560 1816 2263 765 2060
astrocytes 1475 1039 2011 1035 1444
asymptomatic 1870 1895 2050 317 2378
atherosclerosis 1372 1737 2577 804 1413
atomic 874 2243 1480 195 2191
atp 1497 1706 1498 2322 2423
attempt 1282 452 1946 2580 1143
attempted 1381 1146 1960 1413 2263
attention 879 2018 2584 1894 2585
attenuate 212 568 213 1617 211
attenuated 212 1308 2031 597 2111
attenuates 210 211 2219 1083 60
attenuating 210 211 568 277 322
attenuation 2407 183 911 1684 1980
attractive 2580 2524 2387 1276 2185
attributed 928 933 1343 766 2625
atypical 2501 475 1259 157 290
auc 380 522 560 2019 519
auditory 2310 80 1427 2509 2194
australian 1347 1581 1906 88 1709
authors 2048 403 601 2166 264
automated 2178 1415 2604 72 2394
autophagic 224 1393 1990 2110 2246
autophagy 223 1393 1546 1990 1410
autopsy 1595 524 660 389 1344
autosomal 729 1955 1558 1956 1863
availability 1638 1639 1641 806 940
avenue 2305 2356 1934 2547 1935
average 981 329 189 1262 950
avoid 324 1267 325 1524 2631
avoidance 1733 1428 2129 944 1537
awareness 1672 1531 160 14 2254
axonal 676 747 675 1980 147
bace 1934 387 824 2169 942
bace1 387 824 2169 136 2247
background 242 1307 87 2176 550
balance 1013 876 1789 949 1388
balanced 1115 1832 2131 1921 1507
band 767 115 2028 1015 922
barrier 246 2480 804 401 86
basal 1016 980 1634 328 364
basel 1307 87 236 2626 2583
basic 1021 2428 1232 2158 1055
basis 818 1217 1314 2277 1297
battery 879 492 439 677 2016
bbb 240 2480 804 1349 568
bdnf 1605 1614 1589 1270 150
became 1968 2034 1969 719 2547
become 262 1962 1734 2507 571
becomes 478 2181 138 493 467
beginning 1055 544 1239 2408 1580
begins 1128 2255 770 970 1123
behavior 570 95 1373 254 81
behaviors 942 253 1267 1667 1664
behaviour 256 623 2273 2233 1766
behavioural 255 290 2559 182 2506
believed 136 1682 1563 94 1666
beneficial 81 71 2602 1986 36
benefit 1986 273 260 514 406
benefits 259 1373 558 2485 570
besides 2578 2491 89 296 1804
best 249 694 312 1406 75
beyond 175 1978 515 2518 339
bias 403 2389 2166 1469 221
bilateral 2136 1340 1198 152 1846
bilaterally 2368 2424 2592 2377 1417
bind 2184 281 1668 1083 2023
binds 2184 267 1211 1084 1207
biochemical 1228 1458 1468 1927 449
biological 1833 442 90 633 1394
biologically 2092 1372 1952 2386 605
biology 2625 1354 78 1226 2403
blind 1798 735 1986 2601 2149
block 468 2407 2435 434 861
blocked 35 2111 917 1083 49
blocking 267 2435 1206 1934 2338
blot 2605 1149 1537 1747 1428
blotting 2605 1152 1814 1149 344
bodies 1344 719 1720 2388 1748
body 1344 2603 1181 1059 1423
bound 957 553 267 1022 2367
boxes 2353 336 1999 524 2517
bpsd 1958 1630 1277 160 95
braak 2400 2408 1302 1003 225
brief 1275 1701 498 636 707
broad 2285 1988 612 480 930
build 185 38 687 2591 1093
building 1240 1571 1676 398 2159
butyrylcholinesterase 1130 1115 37 36 633
bvftd 1001 2559 256 890 1002
c57bl 2470 1100 956 1554 1565
ca 297 294 295 1391 1
ca1 295 294 1968 621 1835
ca2 295 293 2594 832 1746
ca3 293 294 621 1968 2594
caa 144 2578 318 1126 1740
calcium 803 2120 292 1105 351
calculate 1271 2273 981 148 1318
calculated 2554 180 2593 1181 1985
called 324 1712 753 1934 1143
callosum 528 747 2416 1481 147
cancer 2118 311 2468 420 172
candidate 304 126 1802 689 1210
candidates 723 303 1210 1515 238
cannot 1711 2158 981 877 17
capability 309 2191 2224 772 1329
capable 1194 333 1480 2458 1833
capacity 2557 1733 682 2012 32
capture 2411 306 2600 143 1240
carbon 1317 441 2470 2476 2272
cardiovascular 302 1122 653 2118 2571
care 314 2265 2208 313 1958
caregiver 314 709 629 1600 1373
caregivers 313 312 629 1970 1977
carried 2242 1882 1826 997 1461
carrier 1621 317 1030 770 1073
carriers 1621 1030 163 758 1032
carry 615 296 1682 2412 2281
carrying 1559 1621 1030 1955 526
cascade 854 2268 1153 1601 1025
case 1815 1816 1073 369 2263
caspase 165 386 164 911 2004
catalytic 37 929 2340 2247 1115
categories 1809 230 2411 2266 618
category 967 2463 1819 1688 2572
caucasian 327 1965 847 516 1815
caucasians 326 847 128 1815 1106
caudate 1016 2424 1634 241 1352
causal 1161 1527 2360 25 227
causative 1956 1532 1955 983 1410
caused 1559 935 729 1558 1592
causes 368 1335 1121 2117 1787
causing 235 1952 2512 1898 1557
cbf 2287 1757 1124 186 966
cc 373 301 552 528 1176
cdr 1999 2353 282 69 406
center 524 1564 2517 2521 282
centers 127 2583 14 2519 805
centre 798 2049 405 2229 1141
cerebellar 341 1866 1795 737 2003
cerebellum 340 530 1042 1291 771
cerebrovascular 2577 1122 804 144 2578
certain 372 1153 249 513 2160
chain 1814 2009 990 1747 1974
challenge 1901 846 1298 1676 2397
challenges 846 601 1286 790 559
challenging 378 1406 495 2540 575
changed 943 934 2214 666 780
changing 2536 1696 361 1929 2436
channel 351 297 1288 875 7
channels 350 297 858 1288 927
characterised 220 256 290 1858 1008
characteristic 2019 1675 560 2142 2280
characteristics 615 1300 2361 1103 647
characterization 1545 553 1680 2443 1704
characterize 1558 2088 1745 129 705
characterizing 676 1503 381 427 1186
chemical 1620 1468 2145 689 2011
china 360 2370 80 2076 2546
chinese 1073 1815 2461 1448 1030
choice 1708 809 2345 1644 349
cholesterol 1364 2480 1365 1105 1295
choline 1847 724 1641 908 941
cholinergic 35 980 241 36 37
cholinesterase 2139 731 289 1130 37
chromatography 1366 2283 1423 941 1466
chromosome 745 1029 2381 1384 1242
chronic 53 1914 1199 653 332
ci 462 1262 1463 1659 66
cingulate 1829 152 1846 1653 2136
circuits 377 2380 1585 876 174
circulating 1479 327 1106 2058 1761
cis 2468 335 1263 1817 1176
clarify 1656 2281 160 2047 2215
class 2212 693 1690 1550 992
classes 600 698 205 380 622
classical 1147 371 295 2578 2291
classification 380 1395 2568 2182 381
classified 22 532 2415 1503 2187
classifier 1395 218 378 39 1543
classify 378 38 380 2342 357
clear 1671 2063 279 332 972
clearance 2480 154 1920 1145 2535
clearly 305 168 1074 928 1556
cleavage 1941 2169 2247 2170 1899
cleaved 322 990 991 2417 1698
cleaving 235 2247 824 2169 234
clinic 1694 474 1109 2521 1997
clinically 656 225 1888 749 2149
clinician 1165 1266 636 616 995
clinicians 2638 657 157 420 185
clinics 1694 2032 2211 2345 2591
close 1690 1495 2415 1442 2478
closely 1705 2088 1899 941 1001
clu 1031 2263 1066 1028 1633
clues 2396 1143 1454 135 478
cluster 399 670 799 1277 1527
clustering 1053 105 1240 399 496
clusters 398 397 1058 687 1449
cn 1198 407 1129 1770 2005
cns 1583 240 804 2480 1293
co 1150 554 909 1310 1248
cochrane 788 1451 1345 2166 2048
coding 1993 2486 2199 891 2560
coefficient 1053 520 1268 1245 2551
cog 55 2333 1798 69 1986
cognitively 75 2588 400 30 130
coherence 2121 1678 2282 1334 1582
cohorts 321 1033 2357 1090 2301
collected 2188 1562 841 1392 2558
collectively 50 2636 1940 1565 1713
combat 871 2516 2482 2612 1671
combination 415 113 416 414 527
combinations 156 715 1639 2068 1641
combined 413 180 173 30 1850
combining 1066 413 1115 2118 380
commonly 1461 999 1385 1446 2210
communication 1267 496 1702 2510 1969
community 750 66 545 1693 314
comorbidities 1082 750 1109 157 1957
comparable 1893 1707 617 2551 2207
comparative 1052 128 282 2254 2353
compare 405 2551 749 1373 765
comparing 370 2136 669 2287 390
comparison 641 1502 2551 537 441
comparisons 530 197 2173 1609 1532
compensatory 720 294 803 2120 357
complaints 2331 993 1119 1866 2440
complement 1244 756 1024 1367 612
complementary 1503 2370 80 622 1481
complete 367 1066 2211 1324 2371
completed 1530 1907 1789 1124 815
completely 205 874 1224 238 2350
complexes 776 323 274 1246 1458
complexity 2001 358 2454 2035 468
component 437 1882 1398 2169 385
components 436 41 807 1025 1602
composed 1796 982 1120 960 636
composite 245 879 2558 830 967
composition 1459 724 1458 941 205
compound 1795 1793 1824 1772 791
compounds 633 37 90 1210 441
comprehensive 2389 1033 1366 2600 574
comprised 245 2255 1129 2574 1165
comprising 2079 1304 2486 2194 492
compromised 290 608 594 702 7
computational 723 101 106 1852 177
computed 1788 2281 791 2451 1945
concentration 450 783 1802 1500 2269
concentrations 449 1802 1466 1500 194
concept 2428 1511 1587 2212 1769
concepts 600 1542 1237 1676 1879
concern 1962 1454 581 2582 1242
concerning 1978 2328 157 466 2348
concerns 717 1189 1769 1725 2545
conclude 342 524 1564 88 1784
conclusion 1645 485 242 1307 87
conclusions 2008 1261 2129 990 162
concomitant 731 1455 1581 2139 1630
concurrent 2437 1740 945 1416 1217
condition 1412 597 1682 583 1184
confidence 1262 369 1659 1463 1077
confirm 2327 614 1815 297 2393
confirmed 409 225 1394 1740 193
confirming 885 1274 547 174 2376
conflicting 327 1176 867 1009 454
conformation 1117 568 2023 1668 957
conformational 752 1529 1665 679 1667
connected 732 473 1628 470 591
connecting 335 1050 471 676 683
connection 470 1913 1036 472 1969
connections 473 971 770 489 720
connectivity 2109 591 1505 1584 971
consecutive 2134 388 2281 1231 880
consensus 217 419 942 1259 60
consequence 932 1011 1273 2480 916
consequences 610 1420 956 346 2470
consequent 1289 250 674 525 1886
consequently 982 92 215 762 1349
conserved 2098 2203 1388 891 1099
consider 1768 2335 2399 901 217
considerable 1909 577 1332 2048 2166
considerably 660 2029 1797 1752 2365
consideration 833 2397 2411 2242 723
considering 1688 2599 1637 1104 457
consisted 1457 847 743 1251 2394
consistency 1258 576 2152 2574 1959
consistent 2361 1938 2047 2252 2608
consistently 472 1854 2406 468 1342
consisting 1073 1612 1465 360 1606
consists 1223 2103 2044 887 1416
consortium 2050 838 245 1367 2620
constituent 2494 56 250 1652 780
constitute 1369 1532 1713 52 363
construct 2551 1436 2066 347 1912
constructed 398 106 1053 1449 380
consumption 1643 940 1638 828 206
contain 183 2226 2523 285 496
containing 1458 702 153 727 2269
contains 1704 1709 1365 2098 987
content 917 1466 2359 318 2004
context 1585 1333 1777 1267 992
contextual 944 2122 1460 1871 1493
continue 1229 2095 1978 1992 751
continuous 19 2102 2287 334 1662
continuum 2005 751 2416 675 561
contrary 2194 143 1608 305 516
contrast 2062 760 1287 290 170
contributed 1128 227 2103 558 899
contributes 2111 1383 2522 1554 907
contributing 26 1384 1816 2117 169
contribution 1029 580 112 2521 1319
contributions 1383 101 1945 121 290
controlled 1986 1798 273 2489 2149
controlling 2558 544 1795 263 1764
controversial 326 1463 1965 1608 1672
conventional 522 2591 1397 1132 2198
conversely 2220 2629 1611 1819 1382
conversion 520 521 1848 218 1850
convert 523 519 658 601 405
converted 519 522 523 1848 520
converters 218 521 2571 519 380
converting 33 520 2074 521 824
coordinating 2517 337 282 1564 2353
copper 553 2640 1290 1468 1289
copy 319 1032 1031 2562 1621
core 601 2134 1469 57 946
corpus 301 747 2416 1481 675
correct 1300 328 1754 2412 1087
corrected 1723 341 833 2316 2592
correction 187 2394 1723 33 1017
correctly 2411 708 379 690 378
correlate 1539 2628 1823 1828 1058
correlates 1000 2515 2136 535 152
correlations 1000 534 2554 1231 1823
corresponding 1554 528 1296 169 335
cortices 819 1719 1653 370 152
cost 539 981 764 1157 769
costs 538 1081 764 2102 981
counteract 1194 1402 1598 1044 1026
countries 264 993 1947 390 1304
coupled 2640 1356 755 15 97
course 856 2042 933 2378 364
covariates 545 2394 68 251 439
cox 1077 1930 1110 1172 750
create 1351 1415 1896 305 2390
created 1274 465 234 2388 2103
criteria 1462 1615 73 1230 1302
critically 755 793 580 2362 2640
crossed 2311 2505 26 831 2510
crucial 1808 619 1796 1046 1310
ct 335 943 574 1965 326
cu 525 2035 1468 1289 1981
culture 1810 1668 804 1071 556
cultured 2469 2387 2306 1922 103
cultures 1450 1939 1605 1554 554
curcumin 2386 1557 172 1832 1130
cure 1879 260 559 1873 650
currently 2431 558 1515 1411 2485
curve 2019 1675 2142 353 180
curves 1675 2019 560 2142 1856
cut 1660 1773 1500 1152 692
cycle 1255 288 366 858 1475
cyclin 1311 1310 1046 50 1061
cytokine 1138 1256 2448 1573 2495
cytokines 1914 1138 1886 1256 2063
cytoplasmic 960 2504 987 1228 813
cytotoxicity 1665 210 467 1668 213
d 2587 190 1471 1619 2021
daily 1373 69 1473 1232 1798
damage 1706 721 2278 1498 94
damaged 2322 2578 1497 206 1147
database 1218 1564 2180 1965 2165
databases 777 1965 788 1451 1463
dataset 72 378 1091 2275 576
datasets 487 575 2443 1140 1029
date 482 1946 2158 2040 409
day 1473 579 1308 71 2602
days 1220 1219 578 2004 1308
de 1449 366 1766 1970 2097
debate 453 2490 1242 1292 1454
decade 1734 1992 1327 17 1962
decades 1327 1734 2625 1671 639
december 1303 750 1109 816 2048
decision 1407 1963 1799 2123 381
declined 2259 587 69 939 341
declines 586 2046 2611 328 1775
decreases 1428 810 1177 734 383
decreasing 126 1308 28 2118 183
deep 2509 2608 537 1377 379
default 1505 720 473 2109 1584
defective 2100 470 125 593 2223
defects 1871 1556 592 1498 2093
defense 26 446 1838 2135 2391
deficiency 596 565 1573 2100 2587
deficient 595 2468 7 1573 121
deficit 211 2187 232 1644 2016
define 992 2212 2460 933 1204
defined 2156 419 2588 1250 1841
defining 452 376 2380 2442 1292
definition 746 2134 520 527 17
definitive 1064 1392 945 741 1625
degeneration 1375 1001 2380 1003 2160
degenerative 350 2238 1826 838 883
degradation 2505 1393 224 2339 223
degree 2216 749 472 2619 1858
delay 608 972 1606 2016 1874
delayed 2016 1144 830 2463 2572
delaying 820 1939 1510 2094 1727
deleterious 1179 477 1876 292 1765
deletion 876 810 1634 885 1476
delivery 1563 2582 286 240 2007
demented 1656 2585 1144 2041 1226
dementias 1001 1002 1858 665 2518
demographic 2557 318 2638 2050 1901
demographics 758 1447 390 282 336
demonstrates 421 1918 80 2285 2172
demonstrating 142 324 1083 1051 1691
dendritic 2288 620 2380 2379 2595
density 2288 1801 1831 619 2535
dentate 1068 1052 295 2408 293
depend 1144 376 430 1561 859
dependence 816 255 2273 1034 1232
depending 2175 983 1306 107 384
depends 1936 1533 939 2476 2317
depletion 60 2058 2534 2111 284
deposited 2094 1402 333 1626 2366
deposits 154 94 1120 2578 2388
depression 630 314 313 1034 158
depressive 629 1034 2521 1109 1694
deregulation 1024 1546 745 2130 1468
derivative 86 1551 969 1006 1115
derivatives 2385 37 1551 2386 1115
describe 2197 1767 1226 1355 2280
described 1498 2576 1918 936 1871
describes 390 282 285 2353 1868
design 442 633 51 1833 2186
designed 442 1551 90 633 155
despite 774 583 928 1877 1515
detailed 143 2243 2502 205 660
detect 643 2192 1836 644 2554
detectable 1035 2113 1654 2127 1542
detecting 641 1675 2019 2453 22
detection 2067 641 2193 1525 2453
deterioration 1373 2547 336 1322 570
determination 1366 366 1971 1309 1775
determined 1513 1975 201 354 1428
determining 522 922 2131 1425 495
detrimental 1604 862 1118 1764 2064
devastating 99 1913 1942 2625 1363
develops 135 1591 1657 1655 2335
deviation 2296 2164 1688 2102 2121
diabetes 1454 1234 2100 1122 1643
diabetic 653 756 1454 940 2396
diagnose 1856 2142 1109 1076 108
diagnosed 389 1609 1564 2632 1373
diagnoses 391 2048 1003 31 157
diagnosing 1469 520 2134 2166 1230
diagnostics 864 2081 1637 2213 347
died 1077 225 1586 1538 750
diet 948 662 940 1236 1640
dietary 661 2360 940 1639 979
differ 715 1008 1090 1065 548
differed 870 327 847 743 1018
differential 1001 666 614 2559 1002
differentially 909 1474 665 1295 1903
differentiate 669 2313 2546 719 248
differentiated 690 724 730 1810 1022
differentiating 1773 667 424 2310 1614
differentiation 2303 1916 397 2307 1589
differently 2322 2565 2462 69 1378
difficult 1663 32 719 706 859
difficulties 1144 1322 2620 1865 677
diffuse 478 2395 1091 2041 2382
diffusion 2416 147 988 747 924
diffusivity 147 988 747 924 2416
digit 2274 2463 245 967 902
dimensional 1417 1361 1288 2136 2409
dimer 468 2215 334 874 1667
diminished 2618 974 1154 1380 2510
direct 1360 1189 1203 1941 612
directed 1733 931 1526 1551 1153
directions 470 1139 1531 787 1805
directly 790 2268 928 2107 1194
disability 1242 745 2208 2381 736
disconnection 676 473 1687 675 1240
discover 287 399 2348 76 1523
discovered 1383 1028 2560 1993 1066
discovery 774 358 2430 2403 934
discriminant 1882 2550 378 692 668
discriminate 692 693 123 706 1569
discriminating 693 1680 691 562 690
discrimination 692 380 691 1569 2598
discuss 972 1583 1314 262 2402
discussed 2132 1768 1424 175 1162
discusses 2529 39 1036 905 1260
discussion 1283 2152 2026 2305 1610
diseased 1083 376 1650 2568 2283
disequilibrium 1361 1075 2262 2263 1384
display 137 144 111 2543 296
displayed 884 1409 951 1155 2616
disrupted 703 473 1868 1053 732
disruption 702 1584 947 898 1053
disruptions 1053 2126 755 398 1584
distinct 1745 1000 2047 1376 2518
distinguish 1002 1700 4 1001 691
distinguished 1740 2203 1067 900 285
distinguishing 532 380 2198 2546 1711
distress 313 1277 314 95 1600
distributed 7 399 1732 1809 92
distribution 1563 181 240 1795 2406
disturbance 2255 1013 713 770 2585
disturbances 2255 712 1960 81 95
disturbed 1727 2172 905 799 804
divergent 290 414 1579 2174 663
diverse 129 1130 1348 78 195
diversity 455 2566 1623 1754 221
divided 1987 2150 2004 1219 579
dlb 279 1344 1002 1721 2281
dmn 591 1505 473 2109 2154
dna 1472 829 2199 1559 1747
do 931 24 2264 726 2483
docking 2238 2242 37 1348 633
docosahexaenoic 941 1847 363 41 440
documented 1984 868 2179 1154 1415
does 2175 167 2184 61 722
domain 728 2417 129 2098 2247
domains 879 727 2626 1322 830
dominant 226 1558 1955 1863 1559
done 1083 746 221 403 1469
donepezil 2139 1014 1455 36 365
dorsal 133 473 2194 469 591
dose 1473 734 1778 2149 1308
doses 733 1272 150 588 1778
double 273 1798 1986 2149 2601
down 2381 745 2052 685 1242
downregulated 2533 1698 340 1478 165
downregulation 2533 1148 1765 737 1047
downstream 2534 2052 837 320 2403
dramatic 1223 2212 2184 1601 101
dramatically 2569 2407 205 602 2375
drawing 2585 2310 2415 2326 2103
drawn 1325 486 664 1457 757
driven 805 2627 2363 1914 1885
ds 367 1242 2381 736 685
dsm 1615 73 1302 601 1415
dti 2416 147 988 924 675
dual 2503 323 1013 1311 1833
duration 1386 1439 1373 2218 606
dwelling 419 66 545 2048 420
dynamic 506 1116 874 2473 1084
dynamics 2243 2242 1348 468 1117
dysfunctional 2203 1015 2631 302 300
dysfunctions 1807 2379 1043 2473 1143
dyshomeostasis 2640 525 1468 1290 2492
dysregulated 757 654 1546 1638 1990
dysregulation 756 1290 755 1 2057
e4 163 317 616 1294 2343
e9 179 1953 2629 1491 1698
earlier 1529 167 508 1264 163
earliest 1658 1845 2237 819 619
easily 19 1259 1763 2226 479
easy 1804 2010 1503 1417 1276
economic 539 538 1676 1839 828
education 2218 1018 67 2572 2619
educational 2370 1304 2029 2546 765
eeg 2282 2029 2028 2109 408
effectively 38 1268 1130 889 2483
effectiveness 538 313 314 2489 514
efficiency 2255 472 712 1486 316
efficient 2636 1158 1178 341 575
efficiently 553 306 1253 1468 1288
effort 2103 2566 2033 1048 419
efforts 689 1396 132 2524 639
eight 985 2515 658 2498 2521
electron 1480 2479 1706 344 2435
electronic 574 788 403 2600 1451
element 2108 2344 2469 1631 2640
elements 755 1468 525 2640 108
elevation 387 862 1217 493 1765
elicited 1460 503 2545 944 1391
eligible 1488 282 2506 1175 2166
elisa 1152 193 194 449 562
elucidate 362 1691 2270 40 1673
elucidated 1478 1479 1490 1005 2371
elucidating 1517 1356 2249 2478 857
elusive 2069 863 350 1029 1362
embase 403 1451 2166 1345 2158
emerged 2524 1267 2620 2362 1568
emerging 2431 684 346 1095 2349
emission 1824 2451 1772 1795 1793
emotional 1606 809 2309 290 1460
emphasis 2081 2226 549 974 1097
emphasize 1387 34 2466 882 2133
employed 1141 1395 2568 2550 1006
employing 1901 2005 380 1632 1725
enable 56 1427 2001 2412 1265
enables 339 1317 1971 1200 1653
encoding 404 397 2404 2122 1337
encourage 2025 1139 439 1065 544
end 1045 1900 77 1530 570
endogenous 1589 2246 1025 2422 2038
endoplasmic 2120 832 297 1118 294
endothelial 1442 246 240 1122 342
endpoint 2627 338 1646 2583 744
energy 1498 227 1464 1041 206
enhance 437 811 2489 363 1599
enhanced 1953 1994 1922 71 1164
enhancement 1606 792 1424 361 2309
enhances 1880 611 588 567 949
enhancing 885 1061 1916 1231 807
enough 1867 188 231 1451 788
enriched 960 567 1519 556 2050
enrichment 1474 1972 2253 2210 1627
enrolled 2030 1907 2601 273 1977
enrollment 1303 623 2207 198 584
entire 2320 111 1989 234 310
entitled 2277 1297 187 1043 1722
entorhinal 537 1911 293 761 875
entry 609 2591 1471 1929 1869
environment 547 496 822 1044 1782
environmental 2482 821 829 610 1026
enzymatic 235 1312 2169 1194 1573
enzyme 2247 387 2169 1152 235
enzymes 2145 358 1044 2011 2021
eoad 1495 1955 616 1687 1956
epidemiological 1639 662 1236 941 653
epidemiology 1036 497 1027 764 2548
epigenetic 1472 1102 721 1512 1922
episodic 2016 2187 2122 608 879
equivalent 2105 550 1124 2161 1862
er 803 2120 294 297 23
error 484 834 530 1975 1263
errors 1752 833 2091 1562 2289
escape 1329 1537 1428 2295 2597
especially 474 1663 2231 1182 1818
essential 739 770 1909 1037 539
establish 2050 492 245 2620 742
established 2004 1994 2485 1530 570
establishing 2591 1728 2369 1676 1298
estimate 843 842 2389 1451 410
estimated 1485 841 2519 843 1749
estimates 841 1415 2253 842 1749
estrogen 2619 1461 107 1816 1108
et 104 1753 1304 1691 1057
ethical 1298 1901 346 1131 2426
ethnic 128 327 326 486 127
ethnicity 2600 2158 67 1965 788
etiology 1105 1550 368 2403 2290
european 1075 562 1660 2560 1449
evaluating 405 347 2387 771 942
evaluations 159 985 1985 2441 764
event 1917 1329 1625 702 107
events 81 320 273 1798 2149
eventually 44 320 714 1946 2315
every 1171 2632 1262 66 579
evidenced 1534 2284 878 786 1680
evidences 351 2159 361 1941 563
evident 1178 2373 1240 2620 672
evolution 1843 2152 1172 1969 914
exacerbated 862 274 908 1311 387
exacerbates 861 27 1311 780 1844
exact 787 2552 233 2175 1284
examinations 659 1727 186 943 2502
examine 629 2217 1933 1950 2045
examines 245 728 2119 1795 943
examining 2502 2566 1504 1723 466
example 725 777 2600 2158 546
excellent 1115 1618 98 1551 1833
except 664 1905 2551 14 486
exception 412 1092 1033 1754 1300
excess 908 1936 156 1024 1586
excessive 875 7 1493 944 150
exchange 205 2636 679 2243 751
excitability 2308 133 1052 927 2256
excitatory 611 1426 1831 2093 237
excluded 2158 2204 305 782 848
exclusion 788 1175 584 1453 366
executive 245 728 967 2572 209
exercise 1789 474 69 2464 1243
exert 47 574 351 1114 2005
exerts 43 2012 2359 794 211
exhibit 155 702 1276 604 633
exhibited 37 701 36 1210 323
exhibiting 2408 1003 465 811 611
exhibits 1554 2481 498 1518 1528
exist 491 567 2396 26 840
existence 1729 363 97 1942 1187
existing 309 768 185 926 1710
exists 290 2466 2428 1769 1653
exon 1495 1092 2486 2199 404
expansion 2076 2570 2571 138 1331
expected 583 1485 641 1171 2489
experience 1267 2191 1702 2188 2323
experienced 2626 709 1567 1101 1702
experimental 2458 1787 1162 1121 368
experiments 2243 752 2099 205 874
explain 2612 1143 703 973 28
explained 2558 2194 305 535 2300
explanation 707 2348 1437 1236 1820
exploration 905 2273 1954 18 1140
exploratory 677 2126 2592 301 1685
explore 729 2180 2236 1374 2191
explored 675 2145 2182 2368 82
exploring 901 1078 34 714 363
exposed 907 53 1148 1684 1192
exposure 906 1192 1112 2531 280
express 363 35 1460 1224 1369
expressed 666 1028 2613 1099 2199
expressing 1556 2375 2616 2423 1558
expressions 1270 322 2142 1527 2004
extended 1481 147 988 2416 874
extensive 559 2127 4 898 2442
extensively 2477 557 860 1176 440
extent 1606 2502 2016 1241 1482
extracellular 1269 2232 1801 2052 1120
extract 919 1800 1994 275 35
extracted 981 2048 2166 2357 573
extracts 917 2461 1500 1800 1210
extremely 2068 1946 109 1139 1157
eye 922 2121 1678 1624 1501
eyes 921 2121 2282 408 1501
f 1772 943 1793 1041 1824
fa 147 988 747 1481 2416
face 1707 2023 2233 2341 953
facilitate 1823 1057 1158 1797 2600
facilitates 351 875 1201 215 350
fact 216 1252 639 384 832
fad 935 1863 2478 1559 1952
fail 1229 1353 933 2552 1946
failed 682 1107 2430 1778 1111
failure 2345 476 1396 2346 1217
failures 176 2429 930 108 1107
false 2132 689 2580 1474 2370
familial 1559 929 1863 1558 2290
families 1955 1956 226 1205 937
family 1103 1456 1457 1558 1955
far 2264 1368 682 2430 2527
faster 2259 1799 16 2571 2394
fat 661 976 662 948 1639
fatty 41 724 1639 1641 1847
favor 1180 2426 234 254 475
fdg 1123 1772 970 1793 1041
fear 503 1871 2423 183 1980
feasibility 1013 1727 946 602 2520
feasible 57 2534 1552 1870 2188
feature 1918 1395 378 2182 2568
fed 661 940 2360 1643 724
feedback 1388 27 237 1214 810
female 1408 1018 951 1409 2218
females 1409 950 1408 1018 1972
few 1396 1682 842 2082 2576
fewer 2027 1175 1799 1462 616
fiber 2121 1334 408 747 675
fibrillar 2268 1666 1665 94 2458
fibrillary 1035 1039 291 202 2470
fibrils 94 1529 1668 2458 281
field 1674 1396 78 1909 774
fifty 1113 1751 961 1616 965
filaments 1084 1707 567 2076 1211
final 959 390 2071 2313 311
finally 1931 1548 694 1004 1589
find 1204 1313 206 1289 2192
finding 2082 1501 137 2165 2628
five 2498 959 1616 2250 1113
flow 186 1757 334 2287 1124
fluency 2572 2463 2187 325 879
fluorescence 1480 1862 1317 86 194
fluorescent 2294 632 1618 2174 2305
fluorodeoxyglucose 943 1824 791 2451 1123
fmri 473 591 2109 1505 2154
focus 694 607 2429 192 2277
focused 774 898 2337 482 837
focuses 2524 1867 498 793 1713
focusing 2617 2356 1765 1755 1567
folate 2587 940 1639 1638 1106
fold 1618 1631 193 1588 1642
followed 545 1077 70 2602 1387
food 1236 662 661 1638 71
forebrain 241 364 1810 1040 1593
formal 918 538 1711 1415 2600
formed 479 1084 167 1117 2231
forming 28 330 624 2443 2533
forms 2458 94 2459 2278 279
forty 775 1501 399 2220 2282
forward 677 10 2091 2624 1736
fraction 989 1228 567 1312 1709
fractional 147 924 1481 675 676
fractions 987 1365 1423 1847 919
fragment 2114 1341 386 344 1814
fragments 1941 1388 386 385 2417
framework 72 575 598 1141 2001
france 995 428 2102 54 189
free 1981 1982 2016 155 1459
french 993 1313 2102 390 54
frequencies 1815 1032 699 1073 2313
frequency 1659 629 767 315 1549
frequent 1532 1961 2538 1656 2237
frequently 417 961 158 1485 916
frontal 1068 1653 1340 370 1719
frontotemporal 1002 1375 2559 290 1003
ftd 1001 614 290 2382 719
ftld 1375 2408 2160 1001 138
full 1341 981 2494 2285 2094
fully 2514 222 785 2633 224
functionality 1954 632 2338 795 2020
functionally 2322 2332 1688 572 182
functioning 2626 1232 570 1129 879
fundamental 2347 1542 2356 418 466
g 1500 1815 1816 321 40
gain 1062 1064 476 103 325
gained 1792 1712 2479 1343 1832
gait 2286 945 237 1016 1727
galantamine 2139 731 1455 2528 1316
gamma 767 239 50 753 1255
ganglia 241 2424 328 1721 1013
gave 2077 222 105 2548 2067
gender 950 765 951 67 1409
general 312 1575 1977 2165 1616
generalized 1565 496 2006 710 1395
generally 2450 2484 1657 243 2148
generate 281 235 1140 2458 668
generated 1559 1025 991 984 957
generating 631 387 942 429 872
generation 1610 2169 2199 1894 802
genetically 1361 699 1161 503 1028
genetics 2634 828 936 1028 2138
genome 2613 1066 1383 1633 1384
genomic 367 1383 1292 1942 1028
genotype 317 1815 1621 163 1073
genotyped 1073 395 1633 2263 1032
genotypes 1031 1030 1815 107 1816
genotyping 1031 1384 2199 33 871
geriatric 630 629 1232 2305 623
gfap 956 1039 642 2294 1326
give 1701 471 828 1244 1976
given 1355 837 694 1302 1314
giving 1934 2222 1389 2204 1838
glial 956 1035 202 1105 1138
gliosis 980 2096 2288 2289 2011
glucose 1123 943 1234 923 1824
glutamate 190 1471 1043 1466 2021
glutamatergic 1603 1619 818 190 1042
glutathione 156 2359 155 2035 825
glycation 1900 2396 77 801 1454
glycogen 2384 1061 1310 1062 564
glycoprotein 948 738 1159 1844 1278
goal 773 2103 38 1909 1572
good 633 2386 2551 2385 442
grade 470 1643 630 1256 1440
gradual 1457 1677 618 440 1418
granule 1968 621 1334 875 2137
graph 1736 398 704 2429 405
gray 2588 2592 2589 1719 265
great 1696 251 1919 243 1579
greatest 21 1128 439 2240 1300
greatly 1711 2428 2133 926 1587
grey 1685 1536 2119 399 2523
growing 280 1643 2100 1738 1743
growth 1614 1234 1582 1605 2233
gsk 1046 2384 103 1310 1923
gsk3 1046 2384 1310 103 1311
gt 1633 326 1977 1073 1816
guide 176 2275 602 1430 105
guidelines 1076 1861 1826 662 1509
gwas 1028 1383 2613 2263 1633
gyri 1484 370 1714 1846 265
gyrus 621 1000 370 2358 1484
h 37 2579 1306 2385 633
half 1862 24 135 2436 2531
hallmark 2458 94 1480 554 2083
hallmarks 1269 2190 1120 1787 364
han 360 1815 1031 2560 1030
hand 2375 2299 1252 384 623
haplotype 699 1361 2262 2263 1495
having 338 1065 656 1564 1659
hazard 545 1930 1110 1172 462
hc 2154 1946 1975 905 503
he 2034 1652 2208 2153 1417
head 2591 2482 1126 1581 1221
healthcare 539 2207 2506 1840 79
heart 420 1372 652 1031 166
heat 698 730 2023 1372 267
helical 960 1707 2184 982 468
help 1264 2425 2485 1064 31
helpful 561 2504 1067 1779 2563
hence 1226 2098 2586 2529 2396
herbal 2461 919 2581 1130 1448
herein 2080 1667 1211 86 1916
heterogeneity 2166 1463 788 1965 2357
heterogeneous 575 1123 1846 1783 674
heterozygous 891 871 2199 1495 1955
hierarchical 287 1332 520 185 1711
highest 1390 519 2538 30 1487
highlight 143 790 1332 1163 2607
highlighted 1832 2630 165 446 2238
highlighting 658 793 453 97 2266
highlights 1494 1520 2075 1606 786
highly 480 909 1295 977 48
hippocampi 291 1968 2221 2470 1754
his 1406 2098 1244 1388 1908
histone 829 1512 1211 2482 2569
history 937 2638 936 1122 1484
home 1637 2097 1013 1750 1789
homeostasis 297 2640 832 362 1290
homocysteine 327 976 2313 2205 326
hope 1733 931 1153 1275 455
hormone 1461 818 2619 844 1234
hospital 2521 2048 630 388 2520
hr 1930 1077 545 1538 369
humanized 1526 2545 1153 154 1733
humans 146 956 1733 907 145
hundred 959 1231 1616 2215 2498
huntington 1720 2157 124 1594 881
hybrids 1130 1551 289 37 633
hydrogen 1289 525 553 751 1084
hydrophobic 2099 1529 467 2098 1673
hydroxy 1471 190 2344 803 2120
hyperintensities 2608 2031 428 1342 2178
hyperphosphorylated 1612 1482 1787 2406 94
hyperphosphorylation 1311 1787 1482 1310 2406
hypertension 653 1510 1454 342 804
hypometabolism 943 1041 970 370 1846
hypoperfusion 1757 334 2287 966 1318
hypotheses 452 1760 1140 2573 1591
hypothesize 296 1080 1251 1346 1664
hypothesized 2628 383 2312 449 1037
hypothetical 252 1427 1056 509 2255
iadl 1232 69 1373 2627 2255
ic50 1115 289 1981 1394 1551
idea 846 2526 2390 2309 1882
identical 148 2452 1172 1395 517
identification 1709 653 1350 58 303
identifies 2161 1028 1383 2613 1379
identifying 1650 678 1515 2141 1806
ii 1137 1302 2489 1778 638
iii 1136 1302 1778 284 2489
il 1256 565 1914 566 2448
illness 1960 1957 232 800 920
illustrate 2600 1332 901 1022 576
image 1142 2049 1543 1395 2178
images 2604 1543 2394 1141 2178
imbalance 396 876 898 1768 207
immediate 2016 608 673 2309 1460
immune 1222 2106 1590 1199 2545
immunization 1733 2544 2545 1153 1145
immunofluorescence 377 2295 1151 835 2118
immunohistochemical 2295 1428 2174 2630 53
immunohistochemistry 1151 2605 277 2400 278
immunoprecipitation 2469 1372 2494 402 1480
immunoreactivity 2408 1149 2174 1003 1147
immunosorbent 783 824 193 194 278
immunotherapy 1733 154 1111 1526 2544
impacts 2207 680 725 1475 2510
impairments 1428 2405 2404 2187 879
impairs 182 1216 165 1831 1286
implementation 538 2208 2213 1907 419
implemented 1395 106 2178 380 771
implicate 2033 2366 2406 737 876
implicated 1028 854 2559 2613 2053
implicates 2093 1527 329 1383 2543
implications 896 695 1962 2431 1742
importance 1387 2260 838 1095 794
importantly 568 1551 808 323 929
impression 1266 1798 273 81 2450
improvement 2602 1986 2601 2450 2489
improvements 1646 1455 2149 1986 1907
improves 1473 1428 2602 1308 126
improving 4 1265 1733 936 1167
inc 2135 132 758 1817 1882
incidence 545 1077 856 81 653
incident 1077 545 1930 1499 2610
include 1821 694 1890 1072 2564
includes 2610 1333 19 142 2504
inclusion 1463 1462 548 782 878
inconsistent 788 335 373 403 777
increases 588 2020 2080 2605 1530
increasingly 2266 771 2024 859 1301
indeed 610 17 2157 465 1047
independently 942 221 2048 403 560
index 280 1423 299 2255 1553
indicated 1965 1706 1927 94 326
indicates 1120 29 1844 1184 1542
indicating 1046 2035 1597 1183 1379
indicative 1632 550 942 480 26
indicator 2273 357 495 105 2548
indicators 921 452 2369 590 888
indices 2005 2123 161 747 1181
indirect 455 2170 2200 2519 1696
individual 548 299 1322 1387 2330
individually 1728 139 1002 2122 2335
induce 907 1194 906 1193 164
induces 1787 164 1192 1207 1937
inducing 307 1192 2107 540 1494
induction 224 223 1443 2256 48
industry 1774 132 2411 1453 14
infection 2582 2391 453 1145 1942
inferior 1653 1719 265 1340 2287
inflammation 653 1145 1475 1590 1138
influenced 798 1279 359 1496 298
influences 927 2561 818 902 2580
influencing 1750 408 1764 329 823
infusion 1272 35 2129 2582 1224
inherent 1620 106 2155 1649 963
inherited 226 2466 936 2274 1387
inhibit 2376 2219 633 1210 723
inhibited 103 1210 1994 37 1193
inhibiting 1602 2129 1874 2384 1920
inhibitor 36 1833 2247 37 2169
inhibitory 37 36 1833 1130 442
inhibits 2407 960 34 1102 1617
initial 1499 1744 2556 2187 2334
initially 2583 1562 1486 338 410
initiate 1529 1117 2 28 2259
initiated 2259 1811 150 1936 1455
initiating 2126 989 2172 1656 955
initiation 2476 780 2384 387 1625
initiative 72 1142 573 1824 2588
injected 1220 2150 2004 1308 579
injection 1219 2004 1270 1428 579
injury 2482 1301 1309 2011 1080
innate 1145 1527 1476 1475 1882
innovative 491 740 2185 2477 1676
inositol 1466 1620 1042 1203 2284
input 520 190 1619 1418 575
insight 1087 653 27 272 1292
insights 1950 1949 1437 272 2552
insoluble 2268 987 94 567 1954
instead 930 504 2426 2134 2472
institute 1564 2317 1462 548 658
instrument 2551 2066 474 1113 1436
instrumental 1129 1373 570 69 1034
insufficient 1608 968 131 21 27
insulin 2100 653 1454 1041 2396
intact 1695 1342 1460 1638 1639
intake 979 661 1640 1638 1639
integrate 185 1239 2025 452 2411
integrated 1240 1239 1947 2497 1237
integrating 1237 2471 185 251 1822
integration 398 288 1053 686 2600
integrity 675 147 988 2416 747
intellectual 745 685 2525 1943 2381
intensity 158 2435 2049 73 1615
intensive 1701 1732 429 1036 1101
inter 185 1268 1756 405 2568
interact 434 646 1289 2432 93
interacting 1249 2335 2505 50 1015
interactions 752 1348 854 1516 2300
interacts 1247 723 1697 2262 1698
interest 2592 2588 1824 2608 2451
interesting 486 1130 1126 231 99
interestingly 1074 928 48 909 1126
interfere 468 1337 1667 1875 772
interference 2310 65 1832 1750 109
interfering 563 1015 1203 1567 2233
interleukin 1138 565 566 1573 2495
intermediate 284 1635 1035 956 2639
internal 487 2152 2551 2066 2574
international 19 1347 217 475 762
interplay 239 550 1402 1140 1176
interpretation 2600 458 330 2156 2195
interval 462 369 1659 1077 1463
intervals 373 462 1659 848 2003
intervention 1265 1907 1692 514 1878
interventions 1776 1264 2401 629 1878
interview 1165 390 2574 273 709
interviews 1969 2188 418 2191 2323
intra 1245 405 2066 2341 2551
intracellular 916 1706 2011 1072 2278
intracerebroventricular 1220 2004 1219 71 911
intracranial 1626 1415 2568 2273 298
intravenous 1203 1563 734 1477 2146
intrinsic 2109 473 591 1505 1584
introduced 1989 465 547 1391 1835
introduction 1467 1943 285 1107 1240
invasive 1624 19 2617 2516 215
inventory 1630 1600 160 95 283
inverse 12 1047 1138 1980 2448
inversely 662 1200 2091 512 724
investigating 1407 695 479 1576 2525
investigation 2628 1348 1848 964 2576
investigations 207 1660 1191 467 1207
investigators 1488 782 1996 282 697
involve 991 2072 109 2374 863
involvement 2354 1151 1636 134 1949
involves 346 2493 1653 1712 2379
involving 1965 1362 2243 2405 1407
ion 1468 1289 351 553 2640
ions 525 1116 553 1468 1288
iron 525 1468 2640 755 2035
irrespective 106 1565 290 25 1489
irreversible 1029 1242 1454 453 1942
ischemic 2317 2327 401 338 1046
isoform 1295 162 163 1381 758
isoforms 1294 162 163 666 362
isolated 2192 536 1708 2405 2024
issue 818 2277 187 1722 2524
issues 846 2625 2323 1509 2010
item 1300 1562 2574 55 2620
items 1299 1367 2187 2620 529
itself 1762 1882 1221 1178 1587
iv 746 1137 1615 1136 73
january 584 816 2207 777 1451
japanese 1165 1266 2546 766 326
just 699 2496 1533 939 610
k 1560 2574 875 969 1277
karger 242 87 236 2626 2583
kg 1473 1219 578 579 1428
kidney 1372 2074 646 2577 1221
kinase 1787 1046 2384 48 564
kinases 564 2503 1121 1310 1787
knock 26 823 146 987 1556
know 2085 995 673 963 2606
knowledge 694 2600 2165 2187 2158
l 2543 1366 47 1220 2570
label 1674 1014 2450 2139 1166
labeled 310 1795 1824 2451 791
labeling 2287 186 1757 1124 2154
laboratory 2521 1691 388 267 787
lack 1662 1355 1469 1891 958
lacking 1102 1784 274 1570 2053
language 161 2585 2620 2187 1469
largely 2522 1288 2069 2471 2470
larger 1575 2601 2261 1018 431
largest 2455 2242 2624 573 743
laser 1425 1035 2359 2283 1650
last 582 583 774 97 1769
lasting 2467 2490 2233 1406 2474
latency 835 1917 2310 1537 2295
later 1850 596 2493 1069 1439
lateral 138 2570 2160 1438 1719
latest 1711 2357 2390 2048 1984
latter 1691 1174 502 1295 142
layer 2121 408 1678 1582 954
lead 1269 442 441 332 2386
leads 1269 1087 289 571 1559
learned 2411 2198 1253 1300 799
least 2632 548 656 2018 1995
led 331 304 734 1195 682
left 2136 265 1198 1000 152
length 1004 990 2114 2494 1814
lesion 1343 1119 2013 2395 1628
lesions 1342 2291 1012 94 216
lewy 279 719 1720 2388 280
library 403 788 1451 574 1463
lifespan 1426 1126 1533 2093 167
lifestyle 220 88 1581 1709 1259
ligand 2242 752 723 1429 86
ligands 246 1348 240 2035 479
light 2224 344 1133 1570 2177
likelihood 546 2040 1332 2048 1427
limbic 1417 328 1581 134 1016
limit 930 122 1356 1613 2185
limitations 1696 1679 32 272 1712
limited 2431 1693 2252 769 1574
limiting 786 234 2580 1995 542
line 1559 2169 929 1533 2325
linear 1499 2557 66 1854 950
lines 2388 2442 910 27 2582
link 653 1454 1363 681 329
linkage 699 1075 2396 2263 1454
linking 1667 1045 1363 1437 1666
links 2396 1454 653 1234 1362
lipid 1763 1365 1458 362 1459
lipids 1364 362 989 1459 281
liquid 366 2283 1423 646 1524
list 2620 2050 1300 2016 492
literature 2389 1964 2165 1965 1451
littermates 2423 137 1483 2307 1664
little 2062 209 2498 2576 370
live 2508 2534 2089 2473 1570
liver 1309 1150 1763 2013 1082
living 570 69 1232 1986 313
load 2560 1801 1028 2613 1073
lobar 1003 1001 2408 2160 138
lobe 1438 1340 1068 1719 1377
lobes 1653 1719 1757 2287 334
local 1536 2221 1142 2007 1141
localization 1148 646 611 1247 1380
localized 2618 832 2582 2592 803
located 2263 1633 1075 699 208
location 1753 2249 518 2395 2131
loci 1066 1028 1384 2613 2263
locus 1383 1028 1066 699 1633
logistic 1659 67 2557 1553 1633
longer 749 1196 186 481 2046
longitudinally 794 2475 2329 2173 252
loop 949 991 480 2098 891
lowering 362 1038 234 1426 2634
lowest 1094 1077 530 1672 2000
ltp 1835 2256 1803 1831 621
lumbar 2440 1869 602 902 2498
lysosomal 224 2110 223 605 125
m 1130 1981 1833 37 1551
machine 2568 2182 380 378 1141
made 774 952 2165 1909 958
magnitude 1528 530 1723 1832 2072
main 436 854 2264 2614 1399
mainly 164 1086 2045 1072 1059
maintain 267 567 2534 50 930
maintained 1565 2029 1402 2201 119
maintaining 540 627 2029 174 1260
maintenance 1520 1232 237 81 2472
majority 1977 157 1609 2375 1026
make 1407 108 1976 2507 657
makes 1101 347 378 1328 1470
making 2463 585 967 2425 1405
male 950 951 1409 579 718
males 951 950 1408 1018 1545
mammalian 1990 1546 122 224 480
management 1455 559 539 1891 2139
manifestation 1003 1375 461 284 2408
manifestations 1961 204 208 2445 2534
manner 568 1923 2011 2352 1593
manual 746 222 2178 546 1271
map 971 1418 491 399 460
mapping 1718 1352 2424 2301 1653
maps 1481 676 1716 2618 591
march 188 403 2527 87 719
marked 819 2470 2272 477 2295
markedly 1044 1046 2139 868 1557
marker 2156 2192 1802 2588 407
mass 2283 366 1366 1545 1181
material 809 1606 2013 2110 695
matrix 2495 1326 1573 1729 1256
mature 876 223 1346 2130 1649
maximum 219 1128 1930 1351 797
maze 1537 2597 2004 1220 2276
md 676 924 147 988 2416
meaningful 105 2275 1064 2179 1425
means 1651 2566 425 158 105
meanwhile 2536 778 2 135 176
measure 1692 879 407 2588 75
measurement 1757 1678 1525 1124 954
measurements 2433 2588 1678 1218 2121
measuring 1959 2551 495 1231 967
mechanistic 1602 1362 362 900 1227
medial 1376 1829 1340 370 152
median 1110 462 749 1929 2048
mediate 2379 1666 1941 698 1050
mediates 1557 1809 756 1612 387
mediating 804 1361 699 848 2565
mediator 2171 1195 1551 1602 919
mediators 1475 1590 202 566 1886
medical 2030 312 2521 573 2132
medication 157 1447 1695 1735 1373
medications 157 1446 1600 616 1609
medicine 2461 360 2242 1088 919
medicines 399 15 496 1825 850
medium 556 1883 1461 2375 787
medline 788 403 2166 1469 1345
meet 2516 2026 2208 685 773
meeting 1774 132 1196 878 548
mellitus 2396 653 1234 1363 2100
memantine 731 2139 1014 36 2149
member 937 847 803 1940 2120
members 937 1051 486 2199 1729
membrane 1459 1364 1602 440 1802
membranes 1458 941 440 1638 1364
memories 134 2122 1606 2310 503
men 2619 844 2218 1108 2575
met 548 1230 1175 1888 2162
meta 788 369 2389 2166 574
metabolic 653 1643 1041 1466 1234
metabolite 1466 490 1042 2203 366
metabolites 1465 366 1467 1224 1771
metabolomics 1943 1275 1466 2443 29
metal 525 1288 553 755 1290
methodological 1451 658 403 2134 2166
methodology 1959 444 1406 2152 2133
methyl 190 1619 2636 1118 569
methylation 829 1922 721 1729 1747
mg 1308 578 2602 1798 273
microarray 666 814 2469 934 1611
microglia 1476 202 1590 1222 1444
microglial 1475 1590 1222 1914 566
microgliosis 1272 1518 103 1590 1665
microrna 1490 1479 1491 1492 2532
micrornas 1492 1490 1491 1478 2052
microscopy 776 968 2479 205 2435
microstructural 147 988 747 2416 924
microtubule 2406 1787 1121 1311 1120
mid 1111 1369 2545 301 528
middle 1068 1846 370 2358 1067
million 2625 842 178 2519 312
mimic 770 1213 1771 2544 2053
min 1220 1991 1670 2503 911
minimal 782 1283 2220 282 524
minor 2079 107 1383 1031 1384
mir 1478 1479 1491 1492 1747
mirna 1492 1490 1479 1478 1904
mirnas 1479 1491 1490 1478 1747
misfolded 1494 1871 503 2035 944
misfolding 1493 1883 1098 1194 1380
missense 891 1075 2199 1558 1956
mitigate 117 1172 387 1939 558
mitochondria 1498 206 1706 572 776
mitochondrial 1706 1497 2145 806 2011
mixed 1358 1172 1212 1744 967
ml 1773 1613 919 1862 1010
mm 2121 408 1678 922 954
mmse 406 55 1373 1986 81
modalities 1504 430 1395 763 357
modality 1503 1395 2025 981 218
mode 591 720 473 2109 1584
modeling 1115 37 633 1130 2244
moderately 1115 2020 37 238 36
modern 2266 380 2001 191 796
modest 1298 76 1065 2378 559
modifiable 1122 1639 609 2119 1834
modification 1513 451 211 94 1512
modifications 829 1102 2477 1511 333
modified 1511 1512 647 2498 1545
modify 2565 844 2263 1816 544
modifying 2431 2485 2378 559 78
modulate 155 1248 134 1636 802
modulated 786 1589 1144 831 2366
modulates 1477 2092 2094 103 886
modulating 1520 1234 813 2580 1601
modulation 1403 1787 1776 1519 1098
molecule 65 723 2636 2268 2503
molecules 2458 442 1060 48 2403
monitor 222 2014 287 687 946
monitored 1366 1525 1971 1545 230
monitoring 1524 2283 1624 2549 2009
monoclonal 1111 153 154 2545 1733
monocytes 1222 1161 565 911 329
monomeric 1529 2473 2099 1665 2407
monomers 1528 957 1117 1665 1668
month 2602 1759 735 2493 432
mood 232 158 629 816 2207
morbidity 1538 157 330 494 1695
morphological 1534 2150 625 306 1346
morphology 1533 2150 1535 857 2257
morphometric 1058 380 1534 2445 2618
morphometry 2592 1685 2049 2618 2589
morris 1428 2597 835 1220 2004
mortality 1532 1110 660 178 1640
mortem 1828 533 2119 2446 1480
mostly 2102 2015 1933 1298 1411
motor 1 2194 1277 2394 1013
mounting 452 1676 1009 642 1534
mr 1142 1141 2604 2394 2101
mrna 1747 1974 1151 2469 1698
ms 2283 1423 366 140 1524
mtor 1990 1410 224 122 745
much 1691 2513 439 209 1324
multi 682 689 638 304 442
multicenter 1798 1986 273 2017 81
multifactorial 849 1943 375 2089 478
multifunctional 1115 633 37 2386 1130
multimodal 1870 1687 1123 946 2126
multivariate 1385 1181 1850 758 1882
murine 291 1922 536 910 886
must 1696 2516 1276 1669 484
mutant 910 2629 929 1863 2616
mutated 1697 1441 891 121 557
mutation 226 729 1955 1559 935
mutations 935 1863 1558 1955 929
na 2567 1306 2331 1002 1717
namely 2311 1620 2007 106 491
naming 2620 1299 2286 410 1322
nanoparticles 1705 612 2435 1272 2367
national 1230 524 337 573 656
native 291 1291 1020 1348 2242
natural 2387 442 46 1210 1927
naturally 1657 468 1255 1272 895
nature 1666 1668 2122 932 583
nc 123 301 528 2221 1395
near 2284 1371 367 1321 1350
nearly 288 1691 1604 1395 2568
necessary 2392 2159 78 256 659
necrosis 2495 2448 1256 565 1425
need 2625 2430 81 1355 689
needed 1324 2485 2614 1264 2489
needs 2524 2207 1840 2213 1280
negative 1795 1824 2588 2451 791
negatively 1823 1818 535 523 2191
neither 1625 189 715 133 1165
neocortex 2342 658 537 284 251
neocortical 220 1352 1347 1376 1709
nerve 2121 1614 1334 408 1678
nervous 401 694 1199 2144 2625
networks 473 591 1505 2109 971
neural 2303 371 502 1331 134
neuritic 660 2400 225 284 2039
neuro 1501 921 2121 2110 451
neuroblastoma 2219 2376 2579 387 977
neurogenesis 1916 247 74 2075 621
neuroinflammation 1476 1475 1145 1199 1222
neuroinflammatory 1886 1476 2490 651 1804
neurological 331 73 1615 644 548
neuron 2534 293 980 1968 620
neuropathologic 1114 2408 1961 225 1857
neuropathological 1597 225 1344 1741 284
neuropathologically 1003 692 1740 1586 1002
neuropathology 1595 1828 2421 284 1586
neuroprotection 1599 540 1776 1589 103
neuroprotective 155 1598 1938 1927 2004
neuropsychiatric 1277 1630 95 160 313
neurotoxic 1666 1668 2458 1602 94
neurotoxicity 1458 1601 1437 1208 1269
neurotransmission 1043 190 1619 364 1471
neurotransmitter 35 649 919 1871 292
neurotrophic 247 1614 1060 1589 556
neutral 809 2309 792 1460 2310
never 878 660 2026 433 338
nevertheless 516 507 1957 2399 1783
newly 656 2050 1447 782 157
next 2199 1025 697 1908 2197
nf 1631 2220 2470 518 1147
nfts 1120 490 2407 2406 1441
ng 1500 1775 584 562 1353
ngf 1582 247 1060 1605 1152
nincds 73 746 1302 548 1630
nine 2025 1970 959 1113 965
nitric 1705 2384 1825 210 1372
nm 2386 1130 869 969 1115
nmda 190 151 1471 1043 2344
nmr 358 2284 957 1224 1204
noncarriers 317 316 1030 319 1749
nondemented 2440 1594 2030 775 2329
none 1073 2486 1768 2016 717
noninvasive 921 2617 1276 922 1525
nor 1579 189 81 950 1217
normalized 1271 2094 2093 2604 380
notably 814 968 835 567 2092
notion 469 1123 942 1342 1792
now 17 320 577 452 88
npi 1277 1600 283 1958 95
nuclear 1611 2470 1498 721 2145
nuclei 1185 796 732 1436 1151
nucleotide 1816 2263 2262 2560 1028
nucleus 328 241 1016 2424 611
numbers 2639 621 1257 856 835
numerous 1701 1516 2354 1005 442
nursing 1104 2097 659 1267 2520
nutrient 1641 1639 941 1847 227
nutrients 1641 1638 941 976 1640
nutrition 1641 1639 1236 661 940
nutritional 1638 1639 1847 1640 941
o 195 34 119 2386 468
obesity 653 2100 1464 497 940
object 2022 2631 189 231 1428
objective 457 1175 2331 237 1462
observation 1167 805 2149 2449 2627
observational 2139 1735 1172 2297 1683
observations 1228 94 449 39 28
observe 1952 2220 1204 1987 948
obtain 698 80 1083 1135 1326
obtained 1142 2554 299 30 1431
obvious 493 1079 1968 2034 777
occipital 1198 370 1377 1000 1719
occur 642 1998 1120 293 780
occurred 148 2046 656 428 651
occurrence 613 374 1216 545 998
occurring 1567 1021 651 2384 376
occurs 761 94 819 297 810
odds 462 369 1262 1816 1385
off 562 2280 2193 2293 692
offer 62 1598 1676 894 1702
offers 931 1320 505 1873 790
often 672 713 836 998 534
olfactory 1369 2590 1126 254 612
oligomer 1668 1529 1666 568 955
oligomeric 2458 1668 1667 1601 955
oligomerization 1666 1362 468 679 1668
oligomers 1665 2458 1666 2268 957
once 2602 1270 2601 579 1555
ones 1487 1618 79 1065 2620
ongoing 1870 682 583 382 412
online 232 516 877 1965 1390
onto 1117 467 1459 1604 1529
open 1316 958 1966 1933 1473
operating 2019 560 2142 353 561
opportunities 764 287 288 1542 2591
opportunity 1051 1857 1880 176 266
optical 2121 408 1334 1582 954
optimal 1354 2146 2392 2142 2345
optimized 2049 692 2634 2178 989
option 1735 2449 2139 1682 2029
options 257 2231 318 1681 952
oral 71 2139 96 1308 1735
orally 126 2146 71 70 1683
orbitofrontal 1536 1058 290 2592 970
order 2392 1433 2217 1717 689
organization 686 971 2109 1552 675
orientation 2620 325 2194 492 1007
origin 2556 2035 11 1779 1847
original 2574 1959 393 2066 375
others 1333 1319 1571 1524 1672
outcome 2489 1798 1986 1693 514
outcomes 1692 1986 1373 514 2149
outpatient 2134 388 392 630 1109
outpatients 1446 1958 95 1235 1688
overcome 1354 1555 1832 2548 1055
overexpressing 1698 1557 2093 1922 1554
overexpression 1697 759 1801 737 2233
overlap 1700 2451 1712 791 1783
overlapping 706 1699 2525 591 614
overview 1036 1244 285 2580 1636
own 894 1267 418 1101 1691
oxidase 2344 805 1118 1871 2359
oxidation 2035 205 500 553 1982
oxide 1617 2384 1563 1825 89
oxygen 2011 2145 2278 1498 2035
paired 1084 960 1148 922 925
pairs 189 361 1644 133 487
panel 1942 220 1943 1347 1906
paper 80 378 1932 1225 992
papers 1451 788 1332 305 2390
paradigm 2225 2028 1713 1012 300
paradigms 2524 183 944 1712 2029
parahippocampal 1067 1685 1198 1034 2434
parallel 81 273 2168 2601 2149
parameter 1418 2433 2242 1717 2142
parameters 1560 1181 2445 1716 30
parametric 1417 334 2301 1124 2281
parietal 1198 1829 370 1653 537
parkinson 1748 2388 1344 279 1114
parkinsonism 1016 719 138 1344 241
part 818 2277 1297 187 2278
partial 530 1397 1793 2629 367
partially 1666 2096 591 2129 2379
participant 2048 455 796 2621 221
participate 1479 1490 1728 1478 1491
participated 714 1013 945 2463 864
participating 107 2262 699 848 1191
participation 1425 888 1472 1457 716
particular 1548 1927 90 1958 2106
particularly 2595 181 201 1340 2616
parts 2463 1244 2274 710 1014
passive 231 1153 1146 1526 153
past 582 583 78 249 2442
patch 2139 2449 2029 1681 365
path 1053 398 405 2429 621
pathogenetic 204 1796 525 595 662
pathogenic 1559 935 1863 1955 1059
pathologic 334 225 2521 2215 1375
pathologically 2408 2400 707 284 144
pathologies 1595 2384 1786 1740 1072
pathophysiological 2577 970 342 1199 471
pathophysiology 1059 78 2356 442 1522
pattern 2592 1745 1829 1499 2451
patterns 705 1744 2584 2047 473
pc 294 1844 2579 2548 2162
pcr 2014 1814 1974 1492 2199
pd 1720 2388 1344 279 248
per 2601 2632 2168 1798 273
perceived 1753 2000 2265 1104 1202
percent 959 1266 298 1272 2360
percentage 834 2289 183 1875 483
perception 1750 2508 2273 1711 1382
perform 1711 529 264 1021 1100
performances 218 1503 1406 1300 102
performing 1245 226 142 660 1268
perfusion 2287 186 1124 334 966
perhaps 1107 2222 249 246 2356
period 2632 1530 1439 2519 842
periods 2102 1905 2467 2466 1144
peripheral 1199 1914 37 1138 1145
periphery 1301 1783 2391 2457 1126
peroxidation 1364 1982 1372 155 37
persisted 1198 652 649 758 1202
persistent 2092 29 738 780 610
person 2097 2265 2207 2429 255
persons 419 750 197 462 1077
perspective 1890 481 539 2102 2225
perspectives 455 2159 1890 890 2155
perturbation 400 19 21 27 28
perturbations 1466 1940 1464 1486 2611
pet 1824 1793 791 2451 943
pg 1500 669 562 1152 2142
pharmaceutical 1196 1453 933 1983 2411
pharmacokinetic 176 1613 2146 646 177
pharmacological 1265 1520 1264 1833 1598
pharmacology 2002 502 982 1042 1333
phase 2149 2489 1137 273 733
phases 11 1847 2035 2086 1086
phenomenon 1754 142 1225 2310 1427
phenotype 935 1782 2501 1810 1863
phenotypes 1781 169 821 184 2478
phenotypic 2465 1762 1091 1624 2374
phosphatase 2344 2503 2130 1118 2110
phospho 49 377 2388 1061 1960
phosphorylated 1787 1310 2440 2393 1482
phosphorylation 1310 1121 1786 164 1311
photon 2281 448 1124 2451 1757
physical 880 1013 237 1958 1373
physicians 390 1840 1411 105 539
physiological 1105 2144 2053 1894 97
physiology 1012 1451 1628 2160 272
pib 1795 1772 441 1824 943
pilot 1798 2333 976 1328 198
pittsburgh 1793 441 1824 1772 791
pivotal 438 1886 2 1820 330
place 1267 2097 2565 1766 483
placebo 273 1986 514 2149 735
planning 939 585 953 2027 2026
plant 917 919 183 1954 1210
plaque 1374 2268 620 1698 2276
plasma 1458 450 449 1423 1761
plasticity 1835 2380 1391 621 1831
platelet 65 763 2578 186 2577
platform 835 124 1329 2161 1240
plausible 198 2051 1029 1288 1948
played 2073 2084 754 2491 2490
plays 551 2144 2054 2190 2145
pleiotropic 324 1441 710 1937 1886
pluripotent 2303 980 554 929 668
plus 1798 1986 273 2020 1165
point 2165 2456 2581 1549 1768
points 406 55 69 336 1630
polymerase 2009 344 1747 2114 990
polymorphism 1073 1816 360 1030 2372
polymorphisms 1633 2263 2560 1815 2262
pooled 1463 373 1985 2049 574
poor 2166 770 264 1970 1578
poorer 325 967 3 518 953
poorly 2514 1796 1454 480 500
populations 369 1815 1173 127 1463
position 1239 1495 2531 129 2440
positively 1578 926 535 1067 1830
positron 791 2451 1772 1795 1793
possess 1617 1705 2384 1449 2503
possibility 1065 1983 604 315 2457
possibly 2046 1444 1361 558 1476
post 1539 1841 2477 1597 2446
posterior 370 152 1438 1719 1846
postmortem 2446 1960 1974 1068 2358
postsynaptic 1871 876 1391 2130 2256
potency 1130 1210 1696 101 1115
potent 37 36 1210 1115 633
potentially 1510 2633 1793 2165 722
potentiation 1391 2256 1803 2111 293
power 767 2282 641 1383 2465
powerful 2453 252 687 1449 1912
pp 2189 2230 2629 385 594
practical 14 2266 764 2349 602
practice 2147 314 769 312 1081
pre 1828 1831 2378 292 599
precede 2534 174 974 642 1440
preceding 860 2610 719 2237 1710
precise 1345 862 1746 1047 1183
preclinical 1515 761 407 2378 2431
precuneus 370 265 1484 1829 1123
precursors 724 1641 941 363 1638
predict 1851 519 1856 1850 1853
predicted 1855 879 2247 2336 1851
predicting 1851 380 1848 1854 519
prediction 1850 1848 1853 1852 1854
predictions 1851 106 380 522 447
predictive 1851 1850 1848 32 2553
predictor 1851 1850 1077 519 1358
predictors 2557 2558 1849 1848 519
predicts 561 1675 1848 2019 32
predominant 1677 995 1594 1862 277
predominantly 1864 1375 614 256 2284
preferentially 26 1058 1925 2380 1148
prefrontal 152 971 1058 720 1340
preliminary 723 1065 2415 2201 2351
prepared 1500 968 1070 917 919
presenilin 929 1559 935 1955 226
presentation 1858 943 2342 290 1942
presented 2187 673 2084 965 2309
presenting 428 121 340 1929 929
presents 812 125 974 1972 527
preserved 702 1002 2122 232 2023
pressure 1392 159 1893 1122 2077
presymptomatic 203 1111 1552 1671 1895
presynaptic 1831 944 1887 295 503
prevalence 2625 653 548 1564 1962
prevalent 1891 558 317 1030 1662
prevent 2268 1208 2483 1876 2036
preventative 2073 2506 1253 1910 1752
prevented 610 2597 1874 1880 1220
preventing 46 2184 623 774 609
prevention 1879 1264 2050 1265 1776
preventive 558 1870 1878 452 2397
prevents 810 1876 71 2037 1683
primarily 1769 1882 774 744 451
principal 690 1222 436 2234 1301
prion 1494 1601 267 1111 467
prior 656 577 337 2002 2455
priori 2275 2287 1846 1911 186
pro 566 1475 1591 2063 2011
probability 1871 2482 2244 539 769
probable 1615 73 548 1462 1630
probably 720 1505 591 2170 714
problem 1768 1962 38 1769 2568
problems 2255 2254 1411 1890 1873
procedure 2289 1337 1725 2146 2198
procedures 2077 1869 2571 1271 1276
processing 2169 385 2404 1025 2584
prodromal 203 1870 2410 78 108
produce 546 1898 1602 643 281
produced 2200 2169 1941 1683 1898
producing 1896 333 1602 235 434
product 385 1900 2096 40 394
products 1045 77 801 2396 385
professionals 2208 2464 1267 2023 345
profile 1903 2149 1833 735 273
profiles 1902 666 2283 1466 1000
profiling 1491 1492 1115 941 366
prognosis 1760 1469 1624 870 2548
prognostic 220 1709 2181 2259 203
program 1908 2209 1157 1264 1167
programs 1907 2464 1901 1728 2412
progress 482 1396 958 774 1048
progressed 1875 218 1784 519 1850
progresses 819 1885 1913 15 250
progressing 2639 1329 495 2540 1817
progressively 471 1911 650 26 2223
proinflammatory 566 1138 1256 2448 1476
project 2262 2619 2079 2426 844
proliferation 1589 2303 2307 621 670
prolonged 1329 853 770 2077 1818
prominent 947 1344 1016 279 2011
promise 1055 2412 1272 1624 1096
promote 1935 383 1208 2038 1589
promoted 2303 238 1223 2306 1876
promoter 1472 829 721 1697 2375
promotes 1061 1924 136 162 2468
promoting 1923 2503 1784 2112 2432
prone 2189 16 13 2532 28
pronounced 1536 2039 1274 465 1397
properties 442 2459 1599 94 1566
property 89 1618 109 1862 1506
proportion 1439 2147 2501 2317 349
proportional 545 1110 1077 1172 67
propose 1932 1886 378 72 185
proposed 1931 30 2182 1395 2453
prospective 66 2173 750 1077 1674
protease 49 234 235 2169 228
protect 1920 414 156 1835 2459
protected 503 679 2359 625 872
protection 2068 1193 1146 1809 1197
protective 1599 46 1602 1308 155
protects 609 556 210 1496 2094
proteolysis 1941 1771 2200 165 386
proteolytic 385 1940 991 2170 2200
proteomic 1943 1709 1029 2625 1467
proteomics 1942 1467 2239 1709 1275
protocol 2149 1947 2121 2220 408
protocols 922 448 2026 1624 435
prove 920 1078 2224 930 207
proved 541 1238 1944 1421 1682
proven 480 1224 1806 1596 524
provided 1227 2410 1679 1285 958
provides 1227 1168 2588 2403 865
providing 1435 440 1169 1227 413
ps 929 1863 1649 323 333
ps1 759 179 1863 929 1559
ps1de9 179 21 1006 901 1228
psen1 1956 226 1863 1558 729
psen2 1955 226 1558 1863 1559
psychiatric 1958 157 420 314 629
psychological 283 1630 1277 2574 1600
psychometric 2066 2574 2551 1436 245
psychosis 1961 95 2157 1376 1139
psychotic 1960 2157 84 1277 1376
public 453 1890 63 2624 2625
publications 1965 2357 2389 2081 2123
published 2389 188 1368 1463 1963
pubmed 574 2166 2600 2158 1463
purpose 1674 2515 629 2030 1212
putative 1581 1709 1943 1161 2625
pyramidal 1052 1334 295 293 621
qualitative 1267 1974 248 2028 471
quality 314 313 2389 1616 548
quantification 2283 646 1524 1624 1423
quantified 2283 91 1423 951 1867
quantify 2221 405 427 1378 2329
quantitative 1747 2014 2009 1814 344
quantitatively 833 1078 1487 79 2281
question 2612 1036 61 829 1179
questionnaire 314 313 1404 2102 282
questions 62 454 263 61 2502
r 560 2019 180 1675 1527
radial 183 676 147 988 747
radical 1130 633 994 1115 553
radicals 994 1981 1763 155 1289
raise 1774 2338 1826 1679 594
raised 1332 2048 520 658 981
random 1817 1463 1090 398 264
randomized 514 1798 273 2489 2149
randomly 198 718 2150 578 1537
range 286 1439 2613 2151 1845
ranging 1274 1130 1981 2103 817
rapamycin 1546 1410 224 122 223
rapid 1992 1487 582 586 2474
rapidly 582 1991 2477 2524 1778
rare 2486 404 2560 2559 2199
rat 2004 1220 1428 2597 1219
rate 1997 1262 2632 1848 1356
rated 2000 1283 290 2498 1750
rates 1995 388 1564 548 1885
rather 1654 2072 94 2245 345
rating 336 2353 282 1630 1277
ratings 1996 290 313 314 1750
rational 45 435 1146 2490 2503
rationale 1777 686 1640 2315 2369
ratios 1263 1659 462 2040 369
rats 1994 1220 1428 1219 1537
raw 506 796 289 400 959
re 399 487 1020 1694 1258
reach 2207 1378 314 612 1561
reached 458 891 2486 1429 2299
reaction 1814 344 1747 1974 2114
reactions 763 1165 2516 1298 81
reactive 1706 2145 2278 202 1498
reactivity 882 805 2092 2001 43
readily 1342 1372 2171 1424 13
real 1747 1974 1523 1814 2605
reasons 1750 2152 1139 1232 1540
recall 608 2572 830 1144 2187
receive 273 1798 198 1986 1549
received 273 2149 1986 81 2602
receiver 1675 560 353 2142 561
receiving 273 1798 1986 735 2333
receptors 97 1042 1619 569 2402
recognition 1644 1428 2404 2122 3
recognize 2388 2085 1901 2508 1083
recognized 1178 1976 2606 308 1296
recommend 1616 800 981 1237 1504
recommendations 2390 106 1452 1901 878
recommended 953 2464 2048 878 1799
recorded 767 1712 115 239 1391
recordings 767 1735 133 2028 483
records 1445 2132 2610 815 106
recovery 1119 2395 211 1589 2604
recruited 2033 388 392 1109 123
recruitment 1159 2032 773 1527 2566
red 2295 248 835 921 2118
redox 553 525 1290 1468 1706
reduce 2038 2459 1874 2402 2485
reduces 1168 2421 1787 1880 2038
reducing 2036 1168 51 802 1310
reductions 2589 1536 1586 1926 980
reference 658 1351 2003 777 441
referred 2207 669 674 2208 392
reflect 130 427 987 543 1786
reflecting 2056 2046 2577 96 2612
regard 491 846 200 1870 1890
regarding 1314 1399 534 775 1978
regardless 587 328 1655 2519 1266
regional 1719 1000 1438 2592 2515
register 403 2166 777 221 1451
registration 2178 1141 1536 1680 2568
registry 492 838 1367 2620 157
regulate 2480 1806 666 780 806
regulated 736 1310 1479 1492 2232
regulates 387 385 1478 2056 1105
regulating 1808 1922 1236 29 2144
regulator 1546 1990 2233 1410 2580
regulators 2057 2053 2043 302 1774
regulatory 1491 2056 76 176 1383
relate 626 2201 386 1007 372
relation 1531 629 621 2351 1999
relationships 201 2558 1793 2515 2173
relative 264 2218 130 2515 2321
relatively 508 1370 225 1837 2042
release 566 1886 35 1871 1476
released 649 814 2484 1048 64
relevance 1619 333 1412 2344 361
reliability 2551 1959 1231 2067 1258
reliable 2066 644 2178 2192 31
rely 920 2049 2313 414 1395
remain 787 2522 1463 1029 2511
remained 2293 2510 69 787 1693
remaining 961 38 1243 2317 1538
removal 1620 2184 1397 2534 1528
removing 1807 1875 2474 2612 320
renal 1309 1332 2048 523 1984
repair 1589 1916 2303 1098 1498
repeat 892 960 138 359 2135
repeated 1017 1893 2066 1869 730
replacement 162 1617 1832 1705 1465
replication 1489 327 1073 1915 445
report 1089 1863 937 1953 1955
reporting 659 1963 2048 2389 574
reports 2389 964 1970 2204 305
represent 1071 2231 1227 935 757
representation 2087 1807 111 2085 1868
representative 1313 2023 1110 2370 1274
represented 255 1779 2029 1736 2462
representing 2084 111 298 676 981
represents 394 1363 356 70 1467
require 2452 1371 2507 346 1550
required 2260 2489 1645 1018 2038
requires 834 986 2147 527 562
rescue 2093 1765 2094 271 1518
rescued 2092 2112 1161 2094 876
rescues 627 1626 2093 2092 876
researchers 470 921 1276 2157 2207
resembling 1040 2289 1724 1899 1955
residents 1637 2370 1766 1104 1267
residue 1117 480 2099 1388 129
residues 1117 129 2098 1529 752
resistance 1234 653 1643 1454 2396
resolution 1543 1620 2153 2604 1480
resource 993 539 981 1760 2506
resources 773 2519 1303 2390 491
respect 2097 2228 55 700 1811
respective 831 2316 1093 1245 1862
responses 1145 2544 2545 1475 1039
responsible 1194 824 1192 2098 1210
responsive 778 2339 1061 2344 1899
resting 473 591 1505 1584 971
restoration 1393 223 1784 1424 2111
restored 2112 2366 1835 275 1831
restoring 2093 2111 2092 876 2146
restricted 642 19 111 1328 202
restriction 990 1814 1341 2009 1815
result 1787 2117 331 332 2037
resulted 1209 71 385 2417 258
resulting 935 804 929 331 332
resveratrol 302 2468 553 1147 2034
retention 1795 1793 1058 441 923
reticulum 803 832 297 1118 294
retinal 1678 408 1334 1582 954
retrieval 2187 1460 503 2016 830
retrieved 335 1963 585 574 1300
retrospective 388 584 1538 2030 656
reveal 2127 1810 1803 2130 2341
revealing 747 704 902 1216 1552
reveals 723 1117 642 2125 111
reverse 1479 1814 2469 689 2289
reversed 231 1203 1208 125 1308
reverses 1784 2256 1831 126 876
reversible 2599 2282 2516 238 818
reviewed 2030 2081 934 574 2389
reviews 403 1711 176 2048 455
revised 601 1469 474 658 1694
rich 1170 2076 1835 941 2412
right 1340 265 370 152 1068
rise 1052 34 2255 252 1038
risks 782 2506 81 2006 2030
rivastigmine 1014 731 1735 1455 365
rna 2400 2471 2199 960 567
robust 2454 2192 2067 1135 599
roc 560 1675 2019 353 561
rodents 119 63 1312 2629 1466
roles 1808 1 2403 1791 1583
ros 1706 2011 2278 1498 164
route 1684 1775 1683 1680 1272
routine 1840 1929 730 487 1165
safe 2450 2149 1165 2516 2544
safety 1798 273 1986 81 2489
saline 1219 1308 1987 718 1220
samples 721 2283 1747 1423 1988
scales 487 1258 183 1725 2015
scan 1793 1772 2515 2121 408
scanner 2287 2419 2267 1318 971
scanning 222 1204 1471 1642 1769
scans 1772 2451 1793 923 1824
schizophrenia 1960 1114 1961 1179 2095
science 2600 788 1965 574 777
scientific 2624 1769 288 858 1572
sclerosis 138 1331 1375 1003 2408
screen 2163 442 2549 1134 1805
screened 2166 73 777 1451 1615
screening 2161 442 90 2549 1210
sd 652 1749 2121 1933 922
search 2389 1965 1451 788 1463
searched 788 1451 403 1965 1463
second 2436 1778 2417 320 1137
secondary 1798 2149 273 1986 514
secretase 385 824 1894 235 2247
secretases 2200 385 1941 1189 2169
secreted 2013 1443 2172 386 2417
secretion 1667 714 2171 1216 2315
sectional 1933 2218 130 1387 317
sections 2294 1151 1148 144 2387
seem 624 726 2573 863 256
seems 236 673 2498 1576 170
seen 775 2421 1559 498 1350
segmentation 222 2049 2221 2604 1142
select 105 2182 1430 725 2455
selected 573 1218 2182 2427 1031
selecting 250 189 1906 2182 264
selection 1395 378 2568 2179 947
selective 2401 2594 1209 2021 1833
selectively 267 268 1084 2185 2072
selectivity 1115 2184 1528 37 1223
self 195 2386 637 638 1264
semantic 967 2572 2122 830 2016
semi 2323 1267 2191 410 1415
senescence 1925 16 2311 2289 1838
senile 1801 1808 1072 2268 2011
sense 1267 2188 2323 894 1901
sensitive 641 2067 1296 2193 2404
sensitivity 2280 560 2019 1675 30
sensory 732 1329 1541 507 1688
separate 189 692 1708 841 562
separately 747 1504 2583 218 301
sequence 2198 2560 1993 1668 2335
sequences 1337 2197 708 1253 1543
sequencing 1495 891 2486 404 2560
sequential 2170 1941 1189 2275 1940
serial 677 282 2058 1959 43
series 633 442 2386 2385 90
serine 2440 480 34 753 707
serious 877 81 1798 1038 782
serum 525 1106 1290 1802 1423
serve 1974 1479 1492 1490 383
service 1303 2208 816 2007 584
services 1901 2207 312 148 1157
sessions 1907 2601 2627 273 2220
set 2517 2557 814 2236 337
sets 2223 392 1066 431 1267
setting 598 375 378 484 740
settings 1157 538 659 1840 1576
seven 2520 1751 579 945 843
seventy 334 679 2520 1694 2521
severe 1373 570 606 1455 2217
severity 1999 1277 1502 1630 336
sex 765 66 1461 1030 2619
sh 2376 1588 2579 1206 212
sham 1611 518 2004 985 1649
shape 2178 1973 1340 2049 2324
share 1038 2207 2504 2599 1758
shared 2211 1119 1913 2482 25
shed 1350 2316 306 1946 1367
shift 1712 601 2457 1768 1620
shifted 2529 92 498 793 281
short 597 2310 259 792 645
shorter 545 2097 929 2371 1930
showing 339 1362 789 2523 161
shows 1838 1032 1952 957 2405
side 1682 1340 2450 81 982
signal 2472 2052 164 916 1310
signalling 255 1328 1698 1060 1255
signals 767 1882 2028 2282 2516
signature 1479 1491 1492 440 1581
significance 2210 1264 1066 2301 958
signs 761 2189 998 1008 2336
silico 723 2242 2099 1116 874
similarities 1943 2599 1242 1691 1524
similarly 1528 21 64 2310 56
simple 2585 795 1276 309 1430
simulation 752 1348 723 2243 1429
simulations 752 2242 205 897 2099
simultaneously 1115 1130 2385 37 633
since 1998 583 1863 2373 893
sirna 2365 223 2189 802 275
site 387 824 385 323 2169
sites 2247 2340 1787 1209 2304
situations 786 1382 2445 176 659
six 965 2561 1789 2018 1264
sixty 390 1703 1415 1603 2213
size 1355 1489 2301 409 1031
sizes 843 878 814 992 1836
skills 2585 232 1891 3 1727
sleep 712 713 770 1891 252
slices 1835 1391 2130 1831 293
slightly 2610 1534 2571 2487 2341
slow 1874 2255 2587 1437 1455
slower 2466 586 939 524 1215
slowing 2139 1455 2547 2020 273
smaller 954 1340 2416 2136 1534
snp 2263 1633 1816 1075 699
snps 1633 1816 2262 2560 1066
so 938 722 1970 2398 2397
social 312 1766 314 1750 1970
society 1508 1178 1839 2429 324
software 2154 1718 1417 1846 2136
soluble 1668 1228 2458 955 94
solution 1289 1458 1117 1563 94
sought 2340 1172 1160 977 2559
source 2568 2028 80 1911 2234
sources 2470 264 906 1148 291
space 623 2570 255 901 1271
span 677 2463 967 1205 1732
sparse 106 1885 575 1430 2200
spatial 1428 2597 1537 1801 2404
special 818 1297 187 1722 23
species 1706 2011 2145 2458 94
specifically 2402 2458 2464 2431 2404
specificity 2193 560 2019 1675 2142
spect 1788 448 1124 1757 966
spectral 767 408 922 1836 921
spectrometry 1423 366 1366 1545 1972
spectroscopy 1570 1620 1480 1288 1224
spectrum 286 1317 1004 480 1198
speed 1013 1562 2394 2178 2259
spin 186 1757 1318 334 2154
spine 619 620 2423 944 1040
spontaneous 2189 1752 1892 2096 34
sporadic 935 1559 1863 1747 1295
spread 960 2400 686 1911 1216
stability 237 1013 1482 1193 2089
stable 2070 1660 519 562 522
stained 2174 2295 969 1035 1678
staining 2034 1148 1428 1537 835
standard 652 30 643 1469 560
standardized 2553 1647 1271 2419 1693
started 2527 731 95 338 578
starting 1074 1712 230 697 2008
states 2519 338 2265 842 14
statistical 1718 1142 1417 1415 2330
statistically 1986 1502 1759 2450 406
stem 1810 1585 1916 670 74
step 1142 1141 2178 1356 1733
steps 228 1034 969 1714 1459
stimulate 2544 1146 2545 50 1713
stimulating 1916 1369 2569 670 1061
stimulation 875 293 1803 2220 1391
stimuli 1606 2310 792 2621 1144
stimulus 219 2309 1329 1460 1606
strain 2189 550 1561 16 2289
strategy 2402 1874 2597 1927 154
stratification 1815 2068 667 848 1106
stratified 373 335 2166 359 765
strength 686 2172 174 2002 1789
striatum 328 2224 530 143 2105
stroke 1230 1293 73 1615 1564
strong 2279 1374 1099 914 535
stronger 2320 162 2570 2571 892
strongest 2319 162 163 817 362
strongly 923 441 2061 744 2551
structurally 1007 572 671 206 1898
structured 2188 1267 2191 1298 894
structures 1142 1543 2221 134 1141
studying 498 1371 1470 1357 2348
sub 742 2482 444 1066 1400
subcortical 1119 1293 283 2557 2577
subgroup 1111 2545 1965 326 1526
subgroups 1387 718 407 2328 2331
subject 2301 2568 142 1553 39
subjective 428 1560 2520 388 2440
subregions 1007 152 1536 1634 1846
subscale 55 406 1798 273 2601
subsequent 1853 1212 579 2062 1859
subsequently 1247 481 2197 651 892
subset 492 1849 2050 1294 1333
substantial 1895 973 2534 1592 293
substantially 1006 1146 1983 276 2465
substrate 2505 2108 605 385 1662
substrates 323 129 2503 385 1618
subtle 2467 2466 1268 925 2257
subtype 2343 1580 2523 161 658
subtypes 161 1002 2342 959 1322
subunit 1784 1619 1118 1703 323
success 39 932 392 2392 361
successful 932 2431 584 797 2634
successfully 2476 2103 76 1009 733
suffer 687 876 900 1143 2325
suffering 1839 790 1957 2581 1293
sufficient 1612 2389 433 1175 2406
suggested 1761 2145 1360 1182 2059
suitable 1231 61 1414 108 918
sum 282 336 1999 524 2517
summarize 99 694 1065 1636 1285
summarized 1748 2166 221 1965 936
summarizes 228 15 376 1009 975
summary 1451 1469 2166 1090 2389
superior 1068 1198 1000 1484 370
superoxide 1044 1326 1703 1936 882
supplementation 662 948 724 1639 661
supported 488 189 1969 845 104
supporting 111 291 789 549 1286
supports 744 1643 1046 1464 155
suppress 156 2470 1044 1698 787
suppressed 2246 2570 210 483 911
suppression 2111 1159 2093 1835 2094
surface 1117 281 1563 2433 2247
surgery 266 1591 1308 1446 579
surrogate 601 840 1676 2002 1187
survey 359 2097 766 2519 430
survival 545 247 223 1520 2228
susceptibility 1815 1816 2560 1383 2263
susceptible 1073 133 2282 2311 2479
sustained 1783 1284 1649 2295 1151
swedish 910 1922 1558 1074 2423
sy5y 2219 1588 1206 2579 387
symptom 160 1600 84 1999 1277
symptomatic 1515 108 203 559 1264
synapse 2380 876 1440 619 2268
synapses 2379 1803 603 371 1831
syndrome 745 736 367 1242 685
syndromes 1002 1001 290 2122 160
synergistic 1462 1444 107 2356 757
synthase 1046 1310 1061 1617 1705
synthesis 633 2386 1551 90 37
synthesized 633 1551 2385 1618 441
synthetic 957 1529 86 1566 2284
synuclein 1748 1720 1344 2023 279
systematic 1463 1451 2166 788 2165
systematically 1711 2600 2158 1332 658
systemic 1197 1762 1145 227 2448
systems 141 2345 1572 1679 1585
t 1815 1786 2435 193 1816
t1 2604 1142 2395 222 1543
t2 2604 2394 2031 1119 1342
t2dm 1454 1045 1363 653 1361
take 24 484 1879 1034 1702
taken 24 2511 2278 2264 2614
taking 198 877 481 24 69
tangle 284 2140 1740 1586 1149
targeted 2430 1265 1879 155 2183
targeting 2312 1666 2021 2431 2036
targets 689 1522 2431 1087 320
task 2405 879 967 2187 2572
tasks 2404 2572 879 967 1155
tauopathies 1482 94 2407 1120 1612
tauopathy 1211 2406 1528 2482 214
tdp 1003 1375 138 1151 2160
technique 2410 1974 194 173 678
techniques 2409 1395 173 1895 378
technologies 484 532 1196 1337 1963
technology 318 1908 1298 797 529
ten 2455 960 2516 1258 2461
tended 2424 1299 1769 768 1300
tendency 742 379 393 1861 2441
tensor 675 747 147 988 1481
terminal 990 727 386 2380 991
terms 2166 1725 403 1778 2002
tesla 2154 2287 1271 2604 2395
testing 2515 1713 689 2301 2540
tg 2493 2616 2037 2629 179
tg2576 944 2616 2111 2629 621
tgcrnd8 944 1369 910 876 206
thalamus 1016 328 241 265 1543
them 312 1407 1085 314 1070
themselves 942 846 2191 1229 1915
then 2180 637 962 229 1055
theoretical 2429 890 1053 2617 451
theory 1053 2428 933 1766 2266
therapeutics 2401 177 689 931 1574
therapies 1515 559 790 1355 2483
thereby 1246 2033 118 1472 2291
thickness 2434 2121 1334 1582 408
thinning 2433 2121 922 222 1334
thioflavin 2579 2386 1480 1563 2468
third 2167 780 1137 1070 287
thirty 460 1987 2150 697 1113
though 2474 195 532 2023 876
thought 293 341 1747 1948 2490
threonine 2203 1786 1392 428 2099
threshold 520 981 17 57 305
throughout 2611 1148 2380 1359 1734
throughput 1467 1943 205 576 2191
tightly 1123 1273 1628 943 1653
times 1535 2034 2601 1413 1717
tissue 1830 819 947 721 1828
tissues 1830 1372 172 2605 2630
tnf 1573 2495 1138 565 1914
tolerability 1735 2627 2528 81 273
tolerated 273 2148 406 55 81
tomography 791 1824 1772 1795 1793
too 2089 1132 1774 2519 431
tool 196 2019 643 1675 2142
tools 2141 435 77 2525 958
top 1325 1851 2413 723 2624
toward 2487 1812 774 801 468
towards 2225 1762 2098 1813 385
toxic 1668 1666 2459 2278 94
toxicity 2458 1668 2278 1927 94
tracking 921 598 111 2418 716
traditional 1448 360 919 1088 2242
trafficking 330 671 1393 2086 2100
trail 1407 967 677 325 2274
training 1901 1908 1750 2027 1907
trait 2066 1783 944 1383 79
trajectories 2259 2467 630 890 1205
trajectory 2466 2341 1328 1760 1325
trans 373 2118 2435 302 596
transcription 555 2470 2533 2384 1150
transcriptional 291 2471 1611 2469 1631
transcriptome 2470 2140 1239 496 1159
transduction 2232 164 1229 214 1403
transfer 1528 1529 968 1371 751
transient 2438 940 183 2073 2502
transition 1387 812 1129 1113 2428
translation 2477 2347 1217 76 625
translational 2476 1828 1512 1223 76
transmembrane 929 385 323 786 2169
transmission 776 1480 1803 2373 293
transport 240 246 362 162 383
transporter 1703 2281 2319 886 719
traumatic 1221 1887 2407 412 1080
treat 1874 2431 61 2485 187
treating 1021 2596 1206 1292 583
treatments 1515 260 559 1575 2483
trem2 1993 891 2492 404 2199
trend 2456 2604 2395 2257 172
trends 69 2095 406 55 516
trial 1986 514 1798 273 2149
trigger 1328 2001 581 1591 1914
triggered 261 2203 949 956 1388
triggering 2486 755 26 333 2174
triple 2421 91 2527 1530 1286
truncated 493 1004 1341 12 1150
tumor 1573 2448 1425 1256 565
turn 1305 1774 237 468 1291
twelve 1013 159 2286 642 1238
twenty 965 1996 775 2515 1392
twice 730 1268 2395 159 1245
types 2187 2415 1720 1162 1145
typical 217 1929 1781 1824 1961
typically 1606 134 1552 2474 430
tyrosine 1311 1784 2001 911 1617
u 567 2222 1086 1240 1174
ubiquitin 605 550 2339 1247 1375
uk 2102 782 1875 256 709
ultimately 1515 2516 2089 108 930
unable 1753 2023 1371 1711 2208
unaffected 2310 219 590 2344 843
unchanged 2070 550 418 26 601
unclear 1068 2069 2398 1340 593
underlie 333 1365 263 1520 1738
understand 1363 182 2086 1547 502
understood 1820 1005 2633 433 650
underwent 1793 1795 2451 265 2047
unfortunately 1452 2010 1555 2148 412
uniform 524 282 2353 337 1564
unique 614 226 705 263 111
united 2300 338 2103 2370 842
units 2214 2215 1109 334 679
university 1109 630 337 388 2215
unknown 1323 2069 510 661 1643
unlike 1058 2342 498 2119 2212
unmet 1576 1713 215 974 789
unraveling 1242 2035 13 2454 435
unrelated 1073 327 359 1131 2076
until 2298 2493 238 1328 1419
untreated 2449 1014 2450 406 2627
update 2226 1087 1139 696 440
updated 1469 2600 1451 788 2450
upon 2629 907 1529 93 1070
upregulated 1914 2189 1478 2533 1490
upregulation 738 737 2469 2532 983
upstream 626 946 2170 1593 1371
uptake 1772 2156 1793 1795 1824
urgent 349 1432 1942 2103 2548
us 286 2266 1227 113 1734
usefulness 2281 998 719 2323 1094
uses 199 642 2127 1134 2453
usually 347 2126 1912 1503 1975
utility 657 1964 264 280 1190
utilized 2048 17 680 974 1942
v 1161 1315 1391 284 1835
vaccine 2545 1146 154 1153 153
vaccines 2544 1111 1526 153 1146
vad 667 359 1304 708 766
valid 2551 1231 2260 645 228
validate 1696 105 561 1017 1746
validated 2550 32 1525 2161 2163
validation 690 72 2549 2551 1851
validity 2066 1231 495 2547 1258
valuable 930 2066 863 1227 2551
value 2554 1772 2297 560 1675
values 299 2553 2193 2019 1049
variability 730 992 1013 2049 1245
variable 406 1689 55 1955 1322
variables 615 1385 2210 1855 2327
variance 899 1855 439 515 2060
variant 1001 290 1993 2560 2486
variants 1816 2263 1633 1993 2262
variation 57 405 1384 1463 1201
variations 1956 1955 730 0 2081
varied 221 403 1711 25 1140
variety 2613 2640 267 2607 1173
vary 699 848 671 1442 1728
varying 717 1460 455 773 1203
ve 1560 1638 1639 1641 1002
vector 1395 378 2049 2182 1142
vehicle 741 1369 1984 1102 2307
ventricle 2571 1331 1219 892 2273
ventricular 2570 522 892 1893 2114
verbal 967 2016 2187 2620 2405
verify 2175 552 1125 475 1231
version 1299 1958 1959 2551 245
versus 1986 1461 1798 273 1693
very 952 637 1654 635 2527
vessel 342 2578 2327 144 1119
vessels 2577 144 296 1804 184
viability 2219 2435 2376 1588 1746
viable 215 1701 1356 934 2055
view 1088 1768 1812 2349 695
viral 612 1197 1203 453 1380
visit 338 805 2449 1213 2466
visual 1829 2187 1142 879 370
visuospatial 2254 879 742 1322 712
vital 1087 1701 257 1454 296
vitamin 976 569 1638 1639 2360
volume 2589 1054 2592 1142 2136
volumes 2588 1054 1536 2592 1340
volumetric 1340 677 2570 265 1067
volunteers 287 1080 820 1728 840
voxel 1536 2618 152 2609 1054
vs 369 1659 299 462 1463
vulnerability 294 295 293 2595 677
vulnerable 619 2594 2380 1731 2612
warranted 2148 176 1446 878 2516
water 1428 1537 1220 2004 2276
way 693 2558 1569 1395 380
ways 2131 818 1043 2239 2222
web 2158 1965 788 777 574
week 273 2602 1798 1986 735
weeks 2601 273 1473 1798 735
weight 280 1308 1643 940 1236
weighted 2394 1142 2395 2178 222
western 277 278 1149 1747 1537
what 827 1873 85 2024 1313
where 1429 1095 1903 2418 2564
white 675 2416 147 988 1119
whole 2592 2588 370 152 1829
whom 2030 1172 2257 1174 2132
whose 587 2442 1771 709 1346
why 1976 898 2 412 1292
wide 1028 1066 1383 1633 2560
widely 1575 17 710 2356 965
widespread 1352 133 1003 2109 161
wild 2629 179 910 2422 2421
window 1624 2121 1276 2428 975
wise 2592 1380 1536 1418 2178
women 1461 844 2218 765 1108
word 2621 1562 1367 2572 967
words 2620 2187 2309 967 1606
work 1932 1206 2192 1745 2151
working 1259 1230 1369 830 879
world 191 1325 2455 1687 2159
worldwide 1485 83 1298 272 653
worse 1008 728 290 496 895
worsening 805 2449 1630 1129 406
would 1281 1127 533 643 56
wt 2616 1556 759 518 2421
x 1148 96 97 1348 2470
y 1428 1644 231 2423 183
year 1749 656 66 369 1077
yet 2514 1834 120 1005 583
yield 1680 1027 561 584 1351
yielded 1725 218 1675 2019 2162
yl 1471 1115 874 731 2256
young 2310 133 146 745 114
younger 1103 157 391 615 524
z 1912 1635 1959 1366 245
zinc 525 755 1290 1468 1289
